1     0.10952     0.49684     1.592     1.15477     2.14E-06
2     0.10867     0.50148     1.653     1.15288     2.11E-06
3     0.10806     0.50578     1.717     1.15204     2.08E-06
4     0.10766     0.50964     1.779     1.15246     2.07E-06
5     0.10744     0.51304     1.836     1.15409     2.06E-06
6     0.10737     0.51599     1.884     1.15678     2.05E-06
7     0.10739     0.51853     1.924     1.1603     2.05E-06
8     0.10746     0.52068     1.954     1.16448     2.04E-06
9     0.10755     0.52248     1.974     1.1692     2.03E-06
10     0.10763     0.52397     1.985     1.17442     2.01E-06
11     0.1077     0.52519     1.988     1.18012     1.98E-06
12     0.10776     0.52617     1.984     1.18632     1.95E-06
13     0.1078     0.52693     1.974     1.19304     1.95E-06
14     0.10784     0.52748     1.957     1.20032     1.98E-06
15     0.10788     0.52784     1.935     1.2082     2.10E-06
16     0.10792     0.52801     1.906     1.21672     2.34E-06
17     0.10798     0.52799     1.872     1.22593     2.69E-06
18     0.10803     0.52777     1.832     1.23585     3.05E-06
19     0.10809     0.52734     1.788     1.24649     3.25E-06
20     0.10814     0.52672     1.74     1.25786     3.21E-06
21     0.10816     0.52591     1.69     1.26999     2.96E-06
22     0.10815     0.52494     1.637     1.28299     2.61E-06
23     0.10806     0.52385     1.584     1.29698     2.30E-06
24     0.10787     0.52267     1.531     1.31207     2.05E-06
25     0.10755     0.5214     1.478     1.32834     1.85E-06
26     0.10706     0.52001     1.426     1.34575     1.69E-06
27     0.10638     0.51837     1.374     1.36408     1.56E-06
28     0.10547     0.5163     1.319     1.38295     1.45E-06
29     0.10426     0.51359     1.259     1.40194     1.36E-06
30     0.10267     0.51008     1.195     1.42065     1.27E-06
31     0.10071     0.50578     1.129     1.43887     1.20E-06
32     0.0986     0.50089     1.061     1.45672     1.13E-06
33     0.0965     0.49572     0.995     1.47433     1.06E-06
34     0.09441     0.49047     0.934     1.49154     1.02E-06
35     0.09231     0.48542     0.879     1.5081     9.79E-07
36     0.09023     0.48086     0.832     1.52377     9.50E-07
37     0.08818     0.47709     0.795     1.5384     9.29E-07
38     0.08614     0.4743     0.767     1.55192     9.22E-07
39     0.08407     0.47261     0.748     1.56433     9.38E-07
40     0.08187     0.47212     0.737     1.57566     9.81E-07
41     0.07947     0.47294     0.732     1.58593     1.05E-06
42     0.07677     0.47522     0.735     1.59513     1.16E-06
43     0.07374     0.47912     0.745     1.60325     1.30E-06
44     0.07035     0.48481     0.763     1.61024     1.48E-06
45     0.06662     0.49244     0.791     1.61603     1.71E-06
46     0.06263     0.50222     0.83     1.62047     1.98E-06
47     0.05852     0.51438     0.886     1.62333     2.31E-06
48     0.05449     0.52903     0.964     1.62436     2.71E-06
49     0.05077     0.54596     1.072     1.62332     3.18E-06
50     0.04744     0.56439     1.219     1.62022     3.74E-06
51     0.04445     0.58312     1.412     1.61537     4.40E-06
52     0.10789     0.49549     1.61     1.15167     2.13E-06
53     0.10712     0.49993     1.672     1.15014     2.11E-06
54     0.10655     0.504     1.734     1.14984     2.09E-06
55     0.1062     0.50765     1.795     1.15087     2.07E-06
56     0.10603     0.51085     1.85     1.15311     2.06E-06
57     0.106     0.51361     1.896     1.15634     2.06E-06
58     0.10604     0.51596     1.933     1.16033     2.06E-06
59     0.10611     0.51794     1.959     1.16493     2.06E-06
60     0.10619     0.51957     1.976     1.17004     2.06E-06
61     0.10627     0.5209     1.984     1.17565     2.05E-06
62     0.10633     0.52196     1.983     1.18175     2.03E-06
63     0.10638     0.52279     1.975     1.18837     2.02E-06
64     0.10642     0.52339     1.96     1.19555     2.04E-06
65     0.10646     0.52378     1.94     1.20331     2.10E-06
66     0.10651     0.52397     1.913     1.21171     2.25E-06
67     0.10656     0.52397     1.88     1.2208     2.54E-06
68     0.10661     0.52376     1.841     1.23064     2.93E-06
69     0.10666     0.52336     1.796     1.24126     3.30E-06
70     0.1067     0.52274     1.747     1.2527     3.42E-06
71     0.10672     0.52194     1.694     1.26495     3.24E-06
72     0.10671     0.52095     1.639     1.27806     2.88E-06
73     0.10664     0.51982     1.584     1.29214     2.52E-06
74     0.10648     0.51858     1.527     1.3073     2.23E-06
75     0.1062     0.51726     1.472     1.32365     2.01E-06
76     0.10577     0.51586     1.417     1.34121     1.83E-06
77     0.10516     0.51428     1.363     1.35986     1.68E-06
78     0.10434     0.51237     1.306     1.37927     1.57E-06
79     0.10327     0.50992     1.246     1.39902     1.47E-06
80     0.10185     0.50674     1.181     1.41869     1.39E-06
81     0.10003     0.50275     1.113     1.43794     1.32E-06
82     0.09794     0.49806     1.044     1.45672     1.25E-06
83     0.09579     0.49296     0.976     1.47524     1.19E-06
84     0.09364     0.48771     0.911     1.49348     1.14E-06
85     0.0915     0.48257     0.853     1.5112     1.11E-06
86     0.08935     0.47783     0.803     1.52811     1.09E-06
87     0.08722     0.47381     0.762     1.54399     1.07E-06
88     0.08512     0.47073     0.73     1.55871     1.08E-06
89     0.08301     0.46874     0.708     1.57218     1.11E-06
90     0.0808     0.46794     0.694     1.58441     1.17E-06
91     0.07841     0.46844     0.687     1.59538     1.28E-06
92     0.07576     0.47038     0.687     1.6051     1.43E-06
93     0.07279     0.47394     0.695     1.61356     1.63E-06
94     0.06947     0.47928     0.711     1.62073     1.87E-06
95     0.0658     0.48658     0.735     1.62653     2.17E-06
96     0.06185     0.49605     0.77     1.63085     2.52E-06
97     0.05776     0.50791     0.82     1.63347     2.94E-06
98     0.05371     0.52234     0.89     1.63412     3.43E-06
99     0.04994     0.53921     0.987     1.63259     4.02E-06
100     0.04655     0.55781     1.119     1.62884     4.72E-06
101     0.04351     0.57697     1.294     1.62316     5.56E-06
102     0.10654     0.49401     1.634     1.14857     2.12E-06
103     0.10586     0.49826     1.697     1.14754     2.10E-06
104     0.10533     0.50212     1.76     1.14786     2.08E-06
105     0.105     0.50555     1.818     1.14953     2.06E-06
106     0.10485     0.50854     1.871     1.15236     2.05E-06
107     0.10482     0.51111     1.915     1.15609     2.05E-06
108     0.10485     0.51327     1.948     1.16051     2.05E-06
109     0.10492     0.51507     1.971     1.16551     2.05E-06
110     0.10498     0.51653     1.984     1.17102     2.06E-06
111     0.10504     0.5177     1.988     1.17702     2.06E-06
112     0.10509     0.5186     1.983     1.18354     2.07E-06
113     0.10513     0.51926     1.971     1.19061     2.07E-06
114     0.10516     0.51969     1.952     1.19826     2.11E-06
115     0.1052     0.51992     1.926     1.20655     2.21E-06
116     0.10524     0.51993     1.895     1.21551     2.40E-06
117     0.10529     0.51975     1.857     1.22522     2.71E-06
118     0.10533     0.51935     1.812     1.23575     3.11E-06
119     0.10536     0.51875     1.762     1.24714     3.44E-06
120     0.10538     0.51794     1.707     1.25943     3.45E-06
121     0.10536     0.51694     1.65     1.27265     3.14E-06
122     0.10528     0.51578     1.591     1.28684     2.73E-06
123     0.10513     0.51449     1.531     1.30209     2.39E-06
124     0.10488     0.51312     1.473     1.31853     2.14E-06
125     0.10449     0.51168     1.415     1.33622     1.94E-06
126     0.10394     0.51013     1.357     1.35511     1.79E-06
127     0.1032     0.50834     1.299     1.37495     1.66E-06
128     0.10223     0.50611     1.237     1.39535     1.56E-06
129     0.10096     0.50324     1.172     1.41589     1.48E-06
130     0.09931     0.49959     1.103     1.43616     1.41E-06
131     0.09729     0.49515     1.032     1.45595     1.34E-06
132     0.09511     0.49017     0.961     1.47539     1.28E-06
133     0.09292     0.48495     0.894     1.49461     1.24E-06
134     0.09072     0.47975     0.833     1.51345     1.20E-06
135     0.08851     0.47486     0.779     1.53161     1.19E-06
136     0.08632     0.47061     0.734     1.54881     1.18E-06
137     0.08414     0.46725     0.699     1.56483     1.18E-06
138     0.08197     0.46497     0.673     1.57953     1.22E-06
139     0.07972     0.46386     0.655     1.59283     1.29E-06
140     0.07734     0.46405     0.646     1.60469     1.41E-06
141     0.07472     0.46567     0.644     1.61509     1.59E-06
142     0.0718     0.46888     0.649     1.62402     1.82E-06
143     0.06855     0.47388     0.662     1.63146     2.12E-06
144     0.06495     0.48084     0.684     1.63737     2.49E-06
145     0.06106     0.48997     0.715     1.64162     2.93E-06
146     0.05699     0.50152     0.76     1.64404     3.46E-06
147     0.05294     0.51569     0.823     1.64435     4.09E-06
148     0.04913     0.53243     0.91     1.64234     4.84E-06
149     0.04568     0.55113     1.029     1.63794     5.75E-06
150     0.04259     0.57065     1.187     1.63142     6.86E-06
151     0.10542     0.4924     1.663     1.14558     2.09E-06
152     0.10484     0.49644     1.73     1.14514     2.08E-06
153     0.10437     0.5001     1.793     1.14613     2.06E-06
154     0.10403     0.50332     1.851     1.14842     2.05E-06
155     0.10385     0.5061     1.901     1.15179     2.03E-06
156     0.10379     0.50847     1.941     1.15599     2.03E-06
157     0.1038     0.51045     1.971     1.16084     2.03E-06
158     0.10384     0.51206     1.99     1.16623     2.04E-06
159     0.10388     0.51335     1.999     1.17213     2.05E-06
160     0.10391     0.51435     1.998     1.17854     2.07E-06
161     0.10394     0.51509     1.988     1.1855     2.08E-06
162     0.10397     0.51558     1.971     1.19304     2.12E-06
163     0.104     0.51584     1.947     1.20121     2.18E-06
164     0.10403     0.51589     1.916     1.21006     2.32E-06
165     0.10406     0.51572     1.879     1.21964     2.54E-06
166     0.10409     0.51534     1.835     1.23003     2.85E-06
167     0.10411     0.51474     1.785     1.2413     3.21E-06
168     0.10411     0.51394     1.729     1.25352     3.44E-06
169     0.10407     0.51293     1.669     1.26675     3.33E-06
170     0.10399     0.51174     1.606     1.28102     2.94E-06
171     0.10384     0.51041     1.543     1.29638     2.54E-06
172     0.1036     0.50898     1.48     1.31292     2.25E-06
173     0.10324     0.5075     1.418     1.33072     2.03E-06
174     0.10273     0.50594     1.358     1.34979     1.86E-06
175     0.10206     0.50422     1.297     1.36997     1.73E-06
176     0.10117     0.50218     1.233     1.39092     1.62E-06
177     0.10002     0.49959     1.167     1.41221     1.54E-06
178     0.09852     0.49627     1.097     1.43345     1.47E-06
179     0.09664     0.49215     1.024     1.45429     1.41E-06
180     0.09447     0.48735     0.952     1.47468     1.36E-06
181     0.09222     0.48218     0.882     1.49484     1.31E-06
182     0.08997     0.47696     0.817     1.51474     1.28E-06
183     0.08771     0.47195     0.76     1.53413     1.26E-06
184     0.08544     0.46749     0.711     1.55266     1.26E-06
185     0.08319     0.46387     0.672     1.57005     1.27E-06
186     0.08095     0.46129     0.643     1.5861     1.30E-06
187     0.07866     0.45989     0.622     1.60065     1.38E-06
188     0.07626     0.45978     0.61     1.61359     1.51E-06
189     0.07365     0.46108     0.605     1.62485     1.71E-06
190     0.07078     0.46396     0.608     1.63442     1.96E-06
191     0.06759     0.46861     0.618     1.64226     2.29E-06
192     0.06406     0.47522     0.637     1.64836     2.70E-06
193     0.06023     0.48401     0.665     1.65262     3.20E-06
194     0.0562     0.49522     0.706     1.65487     3.79E-06
195     0.05216     0.50909     0.762     1.65488     4.50E-06
196     0.04832     0.52565     0.84     1.65241     5.34E-06
197     0.04484     0.54438     0.948     1.64737     6.38E-06
198     0.0417     0.56419     1.092     1.64003     7.66E-06
199     0.10444     0.49062     1.699     1.14278     2.05E-06
200     0.10398     0.49447     1.77     1.14301     2.05E-06
201     0.10358     0.49793     1.836     1.14465     2.04E-06
202     0.10324     0.50094     1.893     1.14754     2.02E-06
203     0.10301     0.50352     1.939     1.15141     2.01E-06
204     0.10289     0.50569     1.976     1.15605     2.00E-06
205     0.10285     0.50747     2.001     1.16129     2.00E-06
206     0.10284     0.50891     2.016     1.16707     2.01E-06
207     0.10285     0.51002     2.019     1.17337     2.03E-06
208     0.10286     0.51085     2.013     1.18021     2.05E-06
209     0.10287     0.51141     1.998     1.18764     2.09E-06
210     0.10288     0.51173     1.975     1.19569     2.15E-06
211     0.10289     0.51181     1.944     1.20442     2.24E-06
212     0.1029     0.51167     1.907     1.21388     2.41E-06
213     0.10292     0.51131     1.864     1.22413     2.65E-06
214     0.10292     0.51072     1.814     1.23524     2.93E-06
215     0.1029     0.50992     1.758     1.24732     3.20E-06
216     0.10285     0.50891     1.696     1.26045     3.30E-06
217     0.10276     0.5077     1.631     1.2747     3.08E-06
218     0.1026     0.50633     1.563     1.29011     2.68E-06
219     0.10235     0.50486     1.496     1.30674     2.34E-06
220     0.10201     0.50332     1.43     1.32465     2.10E-06
221     0.10153     0.50173     1.364     1.34387     1.92E-06
222     0.1009     0.50006     1.3     1.3643     1.77E-06
223     0.10007     0.49815     1.235     1.38569     1.66E-06
224     0.09902     0.4958     1.166     1.40764     1.58E-06
225     0.09766     0.4928     1.095     1.42973     1.52E-06
226     0.09592     0.48901     1.021     1.4516     1.46E-06
227     0.09382     0.48447     0.946     1.47301     1.41E-06
228     0.09155     0.47941     0.874     1.49409     1.37E-06
229     0.08925     0.47418     0.806     1.51499     1.33E-06
230     0.08693     0.46909     0.746     1.53553     1.32E-06
231     0.0846     0.46444     0.693     1.55537     1.32E-06
232     0.08228     0.46057     0.65     1.57417     1.33E-06
233     0.07996     0.45771     0.617     1.59164     1.37E-06
234     0.07762     0.45602     0.593     1.60757     1.45E-06
235     0.07518     0.45561     0.578     1.62176     1.59E-06
236     0.07258     0.4566     0.57     1.63409     1.79E-06
237     0.06973     0.45916     0.571     1.64447     2.07E-06
238     0.06659     0.46347     0.579     1.65288     2.42E-06
239     0.06313     0.46973     0.595     1.65929     2.86E-06
240     0.05937     0.47817     0.62     1.66365     3.41E-06
241     0.05539     0.48903     0.656     1.6658     4.05E-06
242     0.05137     0.50258     0.707     1.66554     4.83E-06
243     0.04752     0.5189     0.778     1.66263     5.76E-06
244     0.044     0.5376     0.876     1.65698     6.89E-06
245     0.04084     0.55763     1.008     1.64881     8.27E-06
246     0.10357     0.48867     1.743     1.14026     2.00E-06
247     0.10321     0.49233     1.817     1.14118     2.00E-06
248     0.10289     0.49559     1.886     1.14344     1.99E-06
249     0.10257     0.49841     1.943     1.14686     1.98E-06
250     0.1023     0.50079     1.987     1.15119     1.97E-06
251     0.1021     0.50275     2.019     1.15624     1.96E-06
252     0.10198     0.50434     2.038     1.16188     1.96E-06
253     0.10192     0.50559     2.047     1.16806     1.97E-06
254     0.10188     0.50652     2.045     1.17477     2.00E-06
255     0.10186     0.50717     2.032     1.18207     2.03E-06
256     0.10185     0.50756     2.011     1.18999     2.09E-06
257     0.10183     0.5077     1.981     1.19858     2.17E-06
258     0.10183     0.5076     1.944     1.20791     2.30E-06
259     0.10181     0.50726     1.9     1.21803     2.48E-06
260     0.1018     0.5067     1.85     1.229     2.71E-06
261     0.10176     0.5059     1.793     1.24091     2.92E-06
262     0.10169     0.50488     1.731     1.25387     3.06E-06
263     0.10157     0.50365     1.663     1.26798     3.02E-06
264     0.1014     0.50226     1.592     1.28333     2.76E-06
265     0.10115     0.50074     1.52     1.29997     2.42E-06
266     0.1008     0.49915     1.449     1.31795     2.15E-06
267     0.10034     0.49752     1.379     1.33728     1.95E-06
268     0.09974     0.49586     1.31     1.35792     1.80E-06
269     0.09896     0.49404     1.241     1.37966     1.68E-06
270     0.09798     0.49188     1.171     1.40215     1.60E-06
271     0.09673     0.48917     1.098     1.42499     1.54E-06
272     0.09514     0.48573     1.022     1.44779     1.49E-06
273     0.09316     0.4815     0.945     1.47025     1.45E-06
274     0.0909     0.47662     0.871     1.49228     1.40E-06
275     0.08854     0.47143     0.8     1.51411     1.37E-06
276     0.08618     0.46627     0.736     1.53571     1.36E-06
277     0.08379     0.46147     0.68     1.55679     1.36E-06
278     0.0814     0.45736     0.634     1.57697     1.38E-06
279     0.07901     0.45422     0.597     1.5959     1.42E-06
280     0.0766     0.45224     0.57     1.61329     1.50E-06
281     0.07412     0.45154     0.551     1.62888     1.64E-06
282     0.0715     0.45223     0.54     1.64246     1.85E-06
283     0.06867     0.45448     0.538     1.65387     2.14E-06
284     0.06556     0.45846     0.543     1.66303     2.51E-06
285     0.06216     0.46438     0.556     1.66991     2.98E-06
286     0.05847     0.47246     0.579     1.67447     3.56E-06
287     0.05455     0.48296     0.611     1.6766     4.27E-06
288     0.05056     0.49616     0.658     1.67612     5.12E-06
289     0.04672     0.51221     0.723     1.6728     6.13E-06
290     0.04318     0.53081     0.812     1.66656     7.36E-06
291     0.03998     0.551     0.932     1.6576     8.84E-06
292     0.10277     0.48654     1.794     1.13806     1.94E-06
293     0.10248     0.49001     1.872     1.13963     1.94E-06
294     0.10222     0.49308     1.942     1.14248     1.94E-06
295     0.10196     0.4957     2.001     1.14638     1.94E-06
296     0.10167     0.49789     2.043     1.15114     1.93E-06
297     0.1014     0.49965     2.07     1.15658     1.92E-06
298     0.10119     0.50104     2.083     1.16261     1.92E-06
299     0.10105     0.5021     2.084     1.16919     1.93E-06
300     0.10097     0.50285     2.075     1.17635     1.96E-06
301     0.10091     0.50332     2.055     1.18412     2.01E-06
302     0.10086     0.50353     2.026     1.19257     2.08E-06
303     0.10082     0.50348     1.989     1.20175     2.19E-06
304     0.10078     0.50318     1.944     1.21172     2.34E-06
305     0.10074     0.50264     1.893     1.22254     2.53E-06
306     0.10067     0.50186     1.835     1.23429     2.71E-06
307     0.10058     0.50084     1.772     1.24707     2.83E-06
308     0.10044     0.49961     1.703     1.26098     2.81E-06
309     0.10025     0.49818     1.63     1.27615     2.66E-06
310     0.09998     0.49662     1.554     1.29268     2.42E-06
311     0.09963     0.49498     1.477     1.31063     2.18E-06
312     0.09917     0.49332     1.401     1.33001     1.98E-06
313     0.09858     0.49163     1.327     1.35078     1.82E-06
314     0.09785     0.48987     1.254     1.37279     1.69E-06
315     0.09692     0.48787     1.181     1.39572     1.61E-06
316     0.09575     0.48542     1.106     1.41919     1.55E-06
317     0.09429     0.4823     1.028     1.44282     1.50E-06
318     0.09245     0.47841     0.95     1.46627     1.46E-06
319     0.09025     0.47378     0.873     1.4893     1.43E-06
320     0.08786     0.46868     0.799     1.51202     1.40E-06
321     0.08544     0.46349     0.732     1.53458     1.39E-06
322     0.083     0.45856     0.672     1.5568     1.39E-06
323     0.08054     0.45423     0.622     1.57829     1.41E-06
324     0.07809     0.45083     0.582     1.59866     1.45E-06
325     0.07561     0.44856     0.551     1.61755     1.53E-06
326     0.07308     0.44757     0.529     1.63464     1.68E-06
327     0.07043     0.44797     0.515     1.64961     1.89E-06
328     0.0676     0.44991     0.51     1.66224     2.18E-06
329     0.06452     0.45357     0.512     1.67236     2.57E-06
330     0.06117     0.45915     0.523     1.6799     3.07E-06
331     0.05753     0.46688     0.542     1.68482     3.69E-06
332     0.05368     0.47702     0.572     1.68703     4.45E-06
333     0.04973     0.48986     0.614     1.68639     5.37E-06
334     0.0459     0.50561     0.673     1.68273     6.47E-06
335     0.04235     0.52404     0.755     1.67593     7.80E-06
336     0.03915     0.54432     0.866     1.66621     9.40E-06
337     0.10202     0.48423     1.852     1.13618     1.87E-06
338     0.10177     0.4875     1.933     1.13838     1.87E-06
339     0.10156     0.49037     2.006     1.14175     1.87E-06
340     0.10134     0.4928     2.064     1.1461     1.88E-06
341     0.10107     0.4948     2.105     1.15125     1.87E-06
342     0.10077     0.49638     2.127     1.15707     1.87E-06
343     0.10048     0.49757     2.134     1.16349     1.87E-06
344     0.10025     0.49844     2.127     1.1705     1.89E-06
345     0.1001     0.499     2.108     1.17811     1.93E-06
346     0.09999     0.49928     2.08     1.1864     1.99E-06
347     0.0999     0.49929     2.043     1.19541     2.08E-06
348     0.09983     0.49905     1.997     1.20521     2.20E-06
349     0.09975     0.49854     1.945     1.21587     2.36E-06
350     0.09965     0.49779     1.886     1.22746     2.53E-06
351     0.09953     0.49678     1.821     1.24005     2.64E-06
352     0.09936     0.49555     1.75     1.25376     2.63E-06
353     0.09914     0.49411     1.675     1.2687     2.48E-06
354     0.09886     0.49251     1.596     1.285     2.29E-06
355     0.09849     0.49083     1.515     1.30278     2.12E-06
356     0.09802     0.48911     1.433     1.32208     1.96E-06
357     0.09745     0.4874     1.353     1.34288     1.82E-06
358     0.09673     0.48566     1.275     1.36505     1.69E-06
359     0.09585     0.48377     1.198     1.38832     1.60E-06
360     0.09475     0.48153     1.12     1.41232     1.54E-06
361     0.09338     0.47872     1.04     1.43666     1.50E-06
362     0.09167     0.47518     0.959     1.46099     1.47E-06
363     0.08958     0.47086     0.88     1.48501     1.44E-06
364     0.08721     0.46593     0.804     1.50863     1.41E-06
365     0.08474     0.46076     0.733     1.53207     1.40E-06
366     0.08224     0.45573     0.67     1.5553     1.41E-06
367     0.07972     0.4512     0.616     1.57799     1.43E-06
368     0.0772     0.44754     0.572     1.59972     1.47E-06
369     0.07466     0.44498     0.537     1.62008     1.55E-06
370     0.07208     0.44369     0.512     1.6387     1.69E-06
371     0.06939     0.4438     0.495     1.65519     1.91E-06
372     0.06654     0.44545     0.486     1.6692     2.21E-06
373     0.06348     0.44879     0.486     1.68049     2.61E-06
374     0.06016     0.45405     0.494     1.68889     3.13E-06
375     0.05658     0.46144     0.51     1.69435     3.80E-06
376     0.05278     0.47122     0.537     1.69679     4.61E-06
377     0.04888     0.48369     0.575     1.6961     5.61E-06
378     0.04507     0.4991     0.63     1.69215     6.80E-06
379     0.04153     0.51733     0.705     1.68485     8.24E-06
380     0.03832     0.53763     0.808     1.67441     9.97E-06
381     0.10131     0.48173     1.919     1.13465     1.78E-06
382     0.10107     0.4848     2.002     1.13742     1.79E-06
383     0.10088     0.48747     2.075     1.14126     1.80E-06
384     0.10069     0.48971     2.133     1.14602     1.81E-06
385     0.10046     0.49152     2.172     1.15154     1.81E-06
386     0.10017     0.49291     2.19     1.15773     1.82E-06
387     0.09983     0.49392     2.19     1.16455     1.83E-06
388     0.09952     0.49458     2.174     1.17199     1.85E-06
389     0.09928     0.49495     2.146     1.1801     1.90E-06
390     0.0991     0.49503     2.108     1.18892     1.97E-06
391     0.09896     0.49484     2.061     1.19854     2.07E-06
392     0.09883     0.49439     2.007     1.20901     2.21E-06
393     0.0987     0.49367     1.946     1.22041     2.36E-06
394     0.09854     0.49269     1.879     1.23282     2.48E-06
395     0.09834     0.49147     1.806     1.24632     2.49E-06
396     0.09809     0.49002     1.728     1.26103     2.36E-06
397     0.09778     0.4884     1.646     1.27706     2.13E-06
398     0.09739     0.48667     1.561     1.29456     1.94E-06
399     0.09692     0.48491     1.475     1.31362     1.85E-06
400     0.09634     0.48315     1.39     1.33429     1.77E-06
401     0.09564     0.48141     1.305     1.35648     1.67E-06
402     0.09478     0.4796     1.223     1.37995     1.58E-06
403     0.09373     0.47754     1.141     1.40436     1.52E-06
404     0.09243     0.475     1.059     1.42929     1.48E-06
405     0.09084     0.47179     0.975     1.45439     1.46E-06
406     0.08888     0.46782     0.893     1.47932     1.44E-06
407     0.08657     0.46314     0.814     1.50387     1.42E-06
408     0.08406     0.45804     0.74     1.52811     1.41E-06
409     0.08151     0.45296     0.673     1.55221     1.42E-06
410     0.07894     0.44827     0.615     1.57595     1.44E-06
411     0.07635     0.44435     0.567     1.59892     1.49E-06
412     0.07374     0.4415     0.529     1.62068     1.57E-06
413     0.0711     0.43992     0.5     1.6408     1.71E-06
414     0.06838     0.43974     0.48     1.65883     1.92E-06
415     0.06551     0.44109     0.468     1.67434     2.23E-06
416     0.06244     0.44413     0.465     1.68697     2.64E-06
417     0.05915     0.44907     0.47     1.69646     3.19E-06
418     0.0556     0.45612     0.483     1.70267     3.89E-06
419     0.05186     0.46555     0.507     1.70552     4.77E-06
420     0.04801     0.47766     0.542     1.70493     5.83E-06
421     0.04423     0.49271     0.592     1.70079     7.12E-06
422     0.0407     0.5107     0.662     1.69307     8.68E-06
423     0.03749     0.53095     0.758     1.68199     1.05E-05
424     0.10063     0.47903     1.993     1.13344     1.68E-06
425     0.10039     0.4819     2.078     1.13672     1.70E-06
426     0.1002     0.48437     2.151     1.141     1.71E-06
427     0.10002     0.48641     2.207     1.14614     1.73E-06
428     0.09981     0.48803     2.242     1.15203     1.74E-06
429     0.09955     0.48923     2.256     1.15859     1.76E-06
430     0.09922     0.49006     2.25     1.16581     1.78E-06
431     0.09886     0.49053     2.226     1.17371     1.82E-06
432     0.09853     0.49069     2.187     1.18233     1.87E-06
433     0.09826     0.49056     2.138     1.19173     1.95E-06
434     0.09804     0.49016     2.082     1.20199     2.07E-06
435     0.09784     0.48948     2.018     1.21318     2.21E-06
436     0.09763     0.48854     1.947     1.22538     2.33E-06
437     0.09739     0.48734     1.872     1.23866     2.37E-06
438     0.0971     0.48591     1.791     1.25313     2.28E-06
439     0.09676     0.48428     1.706     1.26889     2.04E-06
440     0.09635     0.48252     1.618     1.28607     1.79E-06
441     0.09585     0.48071     1.527     1.3048     1.65E-06
442     0.09527     0.4789     1.436     1.32516     1.63E-06
443     0.09457     0.47714     1.346     1.34717     1.60E-06
444     0.09373     0.47537     1.258     1.37066     1.55E-06
445     0.09271     0.47344     1.171     1.39532     1.50E-06
446     0.09148     0.47114     1.085     1.42072     1.46E-06
447     0.08997     0.46825     0.999     1.44645     1.45E-06
448     0.08813     0.46463     0.913     1.47218     1.43E-06
449     0.08592     0.46027     0.831     1.49761     1.42E-06
450     0.08342     0.45534     0.753     1.52265     1.42E-06
451     0.08081     0.45024     0.683     1.54749     1.43E-06
452     0.07818     0.44542     0.621     1.57211     1.45E-06
453     0.07553     0.44127     0.568     1.59616     1.50E-06
454     0.07286     0.43814     0.526     1.61917     1.58E-06
455     0.07017     0.43626     0.494     1.6407     1.72E-06
456     0.06739     0.43578     0.47     1.66024     1.94E-06
457     0.0645     0.43683     0.455     1.67729     2.25E-06
458     0.06142     0.43958     0.449     1.69139     2.68E-06
459     0.05814     0.4442     0.451     1.70216     3.26E-06
460     0.05463     0.45093     0.461     1.70934     3.99E-06
461     0.05092     0.46002     0.482     1.71282     4.92E-06
462     0.04711     0.47176     0.514     1.7125     6.06E-06
463     0.04337     0.48646     0.56     1.70832     7.45E-06
464     0.03985     0.50416     0.625     1.7003     9.12E-06
465     0.03666     0.52432     0.715     1.68868     1.11E-05
466     0.09997     0.47613     2.075     1.13255     1.58E-06
467     0.09973     0.47879     2.161     1.13629     1.59E-06
468     0.09953     0.48106     2.233     1.14097     1.61E-06
469     0.09934     0.4829     2.285     1.14648     1.63E-06
470     0.09914     0.48432     2.316     1.15273     1.66E-06
471     0.09891     0.48534     2.325     1.15968     1.69E-06
472     0.0986     0.48597     2.313     1.16731     1.73E-06
473     0.09823     0.48625     2.281     1.17568     1.78E-06
474     0.09782     0.4862     2.232     1.18484     1.84E-06
475     0.09745     0.48586     2.172     1.19486     1.93E-06
476     0.09712     0.48523     2.104     1.20581     2.05E-06
477     0.09683     0.48433     2.03     1.21776     2.18E-06
478     0.09652     0.48316     1.95     1.23081     2.25E-06
479     0.09619     0.48175     1.865     1.24502     2.20E-06
480     0.0958     0.48013     1.776     1.26051     2.01E-06
481     0.09536     0.47836     1.684     1.27737     1.73E-06
482     0.09484     0.47651     1.589     1.29572     1.51E-06
483     0.09424     0.47466     1.494     1.31568     1.42E-06
484     0.09353     0.47286     1.398     1.33732     1.44E-06
485     0.0927     0.4711     1.304     1.3606     1.46E-06
486     0.09171     0.46926     1.212     1.38529     1.45E-06
487     0.09052     0.46715     1.121     1.41096     1.43E-06
488     0.08908     0.46456     1.031     1.43718     1.42E-06
489     0.08734     0.46129     0.942     1.46357     1.42E-06
490     0.08524     0.45728     0.855     1.4898     1.42E-06
491     0.08279     0.4526     0.774     1.51562     1.42E-06
492     0.08015     0.44757     0.699     1.54111     1.44E-06
493     0.07746     0.44266     0.633     1.56643     1.46E-06
494     0.07475     0.43832     0.576     1.59136     1.51E-06
495     0.07202     0.43491     0.53     1.61545     1.60E-06
496     0.06926     0.43273     0.493     1.63822     1.74E-06
497     0.06645     0.43194     0.466     1.65917     1.96E-06
498     0.06352     0.4327     0.448     1.67773     2.28E-06
499     0.06043     0.43514     0.438     1.69334     2.73E-06
500     0.05714     0.43946     0.437     1.70551     3.32E-06
501     0.05365     0.44587     0.445     1.71388     4.09E-06
502     0.04998     0.45463     0.462     1.71821     5.07E-06
503     0.04621     0.46601     0.491     1.71839     6.29E-06
504     0.04249     0.48035     0.533     1.71437     7.77E-06
505     0.03899     0.49774     0.594     1.70621     9.55E-06
506     0.03582     0.51775     0.678     1.69419     1.17E-05
507     0.09934     0.47301     2.164     1.13198     1.47E-06
508     0.09908     0.47548     2.251     1.13613     1.49E-06
509     0.09887     0.47754     2.32     1.14118     1.51E-06
510     0.09866     0.47917     2.368     1.14706     1.54E-06
511     0.09846     0.48039     2.393     1.15368     1.57E-06
512     0.09822     0.4812     2.396     1.16101     1.61E-06
513     0.09794     0.48165     2.376     1.16909     1.67E-06
514     0.09758     0.48173     2.337     1.17795     1.73E-06
515     0.09714     0.48148     2.279     1.18768     1.81E-06
516     0.09666     0.48091     2.208     1.19834     1.91E-06
517     0.09621     0.48005     2.129     1.21002     2.02E-06
518     0.09579     0.47892     2.043     1.2228     2.11E-06
519     0.09537     0.47754     1.953     1.23674     2.12E-06
520     0.09493     0.47594     1.859     1.25193     1.98E-06
521     0.09444     0.47417     1.762     1.26846     1.72E-06
522     0.09389     0.4723     1.663     1.28644     1.46E-06
523     0.09326     0.47042     1.562     1.30597     1.29E-06
524     0.09254     0.46857     1.461     1.32714     1.24E-06
525     0.09171     0.46679     1.362     1.35001     1.28E-06
526     0.09073     0.46501     1.264     1.37445     1.35E-06
527     0.08957     0.46306     1.168     1.40014     1.38E-06
528     0.08818     0.46072     1.073     1.42665     1.39E-06
529     0.08652     0.45779     0.979     1.45353     1.41E-06
530     0.08453     0.45415     0.888     1.48041     1.42E-06
531     0.08217     0.44979     0.802     1.50695     1.43E-06
532     0.07953     0.44492     0.723     1.53307     1.45E-06
533     0.07679     0.43999     0.652     1.55892     1.48E-06
534     0.07401     0.43548     0.591     1.58451     1.53E-06
535     0.07122     0.43182     0.54     1.60945     1.62E-06
536     0.0684     0.42933     0.499     1.63327     1.77E-06
537     0.06553     0.42824     0.468     1.65545     1.99E-06
538     0.06256     0.42869     0.446     1.67539     2.32E-06
539     0.05945     0.43083     0.433     1.69248     2.78E-06
540     0.05617     0.43485     0.429     1.70612     3.39E-06
541     0.05269     0.44095     0.433     1.71582     4.20E-06
542     0.04904     0.44937     0.448     1.72122     5.22E-06
543     0.04529     0.46041     0.473     1.72214     6.50E-06
544     0.0416     0.47439     0.512     1.71851     8.08E-06
545     0.03813     0.49146     0.569     1.71041     9.98E-06
546     0.03497     0.51128     0.649     1.69819     1.23E-05
547     0.09873     0.46968     2.259     1.13171     1.37E-06
548     0.09846     0.47194     2.345     1.13624     1.39E-06
549     0.09822     0.47379     2.412     1.14166     1.41E-06
550     0.09799     0.47522     2.455     1.14789     1.44E-06
551     0.09776     0.47622     2.473     1.15488     1.48E-06
552     0.09751     0.47683     2.468     1.16264     1.53E-06
553     0.09723     0.47707     2.44     1.17118     1.59E-06
554     0.09687     0.47695     2.393     1.18057     1.67E-06
555     0.09641     0.47649     2.327     1.19089     1.76E-06
556     0.09587     0.4757     2.247     1.20223     1.87E-06
557     0.0953     0.47462     2.156     1.21469     1.96E-06
558     0.09473     0.47327     2.058     1.22831     2.00E-06
559     0.09418     0.4717     1.958     1.24319     1.93E-06
560     0.09361     0.46995     1.854     1.25938     1.72E-06
561     0.09301     0.46808     1.748     1.27697     1.45E-06
562     0.09234     0.46617     1.641     1.29606     1.24E-06
563     0.0916     0.46429     1.535     1.31674     1.13E-06
564     0.09075     0.46248     1.43     1.33908     1.10E-06
565     0.08978     0.46072     1.327     1.36307     1.16E-06
566     0.08865     0.45888     1.225     1.3885     1.26E-06
567     0.0873     0.45676     1.125     1.415     1.33E-06
568     0.0857     0.45414     1.027     1.44214     1.37E-06
569     0.08379     0.45086     0.931     1.46948     1.40E-06
570     0.08153     0.44687     0.84     1.49664     1.43E-06
571     0.07894     0.44226     0.755     1.52334     1.45E-06
572     0.07615     0.43738     0.679     1.54963     1.49E-06
573     0.07331     0.43276     0.613     1.57566     1.56E-06
574     0.07045     0.42887     0.557     1.6012     1.65E-06
575     0.06757     0.42609     0.511     1.62582     1.80E-06
576     0.06465     0.42469     0.476     1.64899     2.03E-06
577     0.06164     0.42483     0.451     1.67013     2.36E-06
578     0.05851     0.42666     0.434     1.68856     2.83E-06
579     0.05521     0.43037     0.427     1.70363     3.47E-06
580     0.05173     0.43616     0.428     1.71473     4.30E-06
581     0.0481     0.44426     0.439     1.72137     5.37E-06
582     0.04438     0.45496     0.461     1.72327     6.72E-06
583     0.04071     0.46858     0.497     1.72029     8.38E-06
584     0.03725     0.48532     0.55     1.71251     1.04E-05
585     0.03412     0.50493     0.626     1.70032     1.28E-05
586     0.09814     0.46613     2.359     1.13176     1.30E-06
587     0.09785     0.46818     2.444     1.13665     1.30E-06
588     0.09758     0.46982     2.507     1.14242     1.32E-06
589     0.09733     0.47103     2.543     1.14901     1.35E-06
590     0.09706     0.47182     2.554     1.1564     1.39E-06
591     0.09677     0.47222     2.541     1.16459     1.44E-06
592     0.09645     0.47224     2.504     1.17362     1.51E-06
593     0.09607     0.47191     2.448     1.18357     1.60E-06
594     0.0956     0.47123     2.374     1.19452     1.70E-06
595     0.09502     0.47024     2.285     1.20658     1.80E-06
596     0.09435     0.46896     2.184     1.21983     1.86E-06
597     0.09365     0.46742     2.075     1.23434     1.84E-06
598     0.09294     0.46569     1.963     1.25016     1.69E-06
599     0.09224     0.46383     1.849     1.26735     1.45E-06
600     0.09151     0.46191     1.735     1.28599     1.22E-06
601     0.09072     0.46001     1.621     1.30616     1.07E-06
602     0.08985     0.45818     1.51     1.32795     1.00E-06
603     0.08888     0.45642     1.401     1.35137     9.97E-07
604     0.08775     0.45465     1.294     1.37632     1.06E-06
605     0.08643     0.4527     1.189     1.40253     1.18E-06
606     0.08487     0.45036     1.086     1.42961     1.29E-06
607     0.08304     0.44743     0.985     1.45714     1.36E-06
608     0.08087     0.44381     0.888     1.48471     1.41E-06
609     0.07836     0.43953     0.797     1.51191     1.45E-06
610     0.07556     0.43482     0.715     1.53858     1.50E-06
611     0.07266     0.43015     0.643     1.56488     1.57E-06
612     0.06973     0.42607     0.581     1.59078     1.68E-06
613     0.06678     0.42301     0.531     1.61592     1.83E-06
614     0.0638     0.4213     0.491     1.63982     2.06E-06
615     0.06075     0.42113     0.462     1.66188     2.40E-06
616     0.05758     0.42265     0.441     1.68146     2.89E-06
617     0.05427     0.42605     0.43     1.69782     3.54E-06
618     0.0508     0.43153     0.428     1.71029     4.40E-06
619     0.04718     0.43931     0.436     1.71826     5.52E-06
620     0.04347     0.44968     0.456     1.72132     6.94E-06
621     0.03982     0.46294     0.488     1.71924     8.70E-06
622     0.03638     0.47934     0.538     1.71208     1.08E-05
623     0.03327     0.49871     0.61     1.7002     1.34E-05
624     0.09757     0.46235     2.462     1.13213     1.25E-06
625     0.09725     0.46419     2.545     1.13737     1.26E-06
626     0.09695     0.46561     2.602     1.14349     1.27E-06
627     0.09665     0.4666     2.632     1.15045     1.29E-06
628     0.09633     0.46718     2.635     1.15825     1.32E-06
629     0.09599     0.46735     2.612     1.16691     1.37E-06
630     0.09561     0.46715     2.566     1.17646     1.44E-06
631     0.09518     0.4666     2.501     1.18701     1.53E-06
632     0.09467     0.46573     2.418     1.19863     1.62E-06
633     0.09406     0.46454     2.32     1.21144     1.70E-06
634     0.09334     0.46309     2.21     1.2255     1.71E-06
635     0.09252     0.46141     2.091     1.24088     1.62E-06
636     0.09167     0.45957     1.968     1.25764     1.43E-06
637     0.09081     0.45766     1.844     1.27581     1.20E-06
638     0.08994     0.45574     1.721     1.29546     1.03E-06
639     0.08902     0.45388     1.602     1.31667     9.34E-07
640     0.08802     0.45211     1.486     1.33948     9.01E-07
641     0.08689     0.45038     1.374     1.36383     9.13E-07
642     0.08559     0.44857     1.264     1.38954     9.83E-07
643     0.08407     0.44646     1.156     1.41627     1.12E-06
644     0.08228     0.44386     1.05     1.44367     1.26E-06
645     0.0802     0.44062     0.947     1.47134     1.36E-06
646     0.07777     0.43671     0.85     1.49885     1.43E-06
647     0.07501     0.43226     0.761     1.52584     1.50E-06
648     0.07205     0.42764     0.683     1.55229     1.58E-06
649     0.06905     0.42342     0.615     1.57831     1.69E-06
650     0.06603     0.42012     0.559     1.6037     1.85E-06
651     0.06299     0.4181     0.514     1.62802     2.09E-06
652     0.05989     0.41761     0.48     1.65073     2.44E-06
653     0.05669     0.41882     0.455     1.67116     2.94E-06
654     0.05336     0.42191     0.441     1.68861     3.61E-06
655     0.04988     0.42706     0.435     1.70231     4.51E-06
656     0.04627     0.43453     0.44     1.7116     5.68E-06
657     0.04258     0.44456     0.457     1.71593     7.16E-06
658     0.03893     0.45748     0.486     1.71498     9.02E-06
659     0.03551     0.47354     0.533     1.70871     1.13E-05
660     0.03241     0.49264     0.601     1.69747     1.40E-05
661     0.097     0.45835     2.564     1.13286     1.25E-06
662     0.09664     0.45997     2.644     1.13844     1.25E-06
663     0.09629     0.46117     2.696     1.14491     1.25E-06
664     0.09593     0.46194     2.718     1.15227     1.26E-06
665     0.09556     0.46229     2.713     1.1605     1.29E-06
666     0.09515     0.46224     2.68     1.16965     1.32E-06
667     0.0947     0.46183     2.625     1.17976     1.38E-06
668     0.0942     0.46107     2.55     1.19094     1.45E-06
669     0.09363     0.46     2.457     1.20326     1.52E-06
670     0.09297     0.45865     2.351     1.21682     1.56E-06
671     0.0922     0.45707     2.232     1.23169     1.51E-06
672     0.09132     0.4553     2.105     1.24794     1.36E-06
673     0.09035     0.45341     1.972     1.26559     1.16E-06
674     0.08934     0.45148     1.839     1.2847     9.80E-07
675     0.08831     0.4496     1.709     1.30531     8.68E-07
676     0.08724     0.44781     1.585     1.32748     8.21E-07
677     0.08609     0.44611     1.466     1.35117     8.16E-07
678     0.08478     0.4444     1.351     1.37625     8.46E-07
679     0.08329     0.44248     1.238     1.40245     9.24E-07
680     0.08154     0.44017     1.127     1.42943     1.07E-06
681     0.07951     0.4373     1.018     1.45686     1.24E-06
682     0.07716     0.43378     0.915     1.48435     1.37E-06
683     0.07447     0.42966     0.819     1.51149     1.47E-06
684     0.0715     0.4252     0.733     1.538     1.57E-06
685     0.06843     0.42092     0.658     1.56397     1.69E-06
686     0.06533     0.4174     0.595     1.58935     1.86E-06
687     0.06222     0.4151     0.545     1.6138     2.11E-06
688     0.05906     0.4143     0.505     1.63682     2.47E-06
689     0.05582     0.41519     0.477     1.65781     2.98E-06
690     0.05247     0.41795     0.458     1.67605     3.68E-06
691     0.04898     0.42279     0.45     1.69078     4.61E-06
692     0.04537     0.42993     0.451     1.70127     5.82E-06
693     0.04169     0.43963     0.464     1.7069     7.38E-06
694     0.03806     0.4522     0.491     1.70721     9.34E-06
695     0.03465     0.46791     0.535     1.70209     1.18E-05
696     0.03157     0.48673     0.6     1.6918     1.47E-05
697     0.09641     0.45412     2.662     1.13395     1.30E-06
698     0.096     0.45552     2.738     1.13988     1.29E-06
699     0.09559     0.4565     2.784     1.14673     1.28E-06
700     0.09517     0.45705     2.799     1.1545     1.28E-06
701     0.09472     0.45717     2.784     1.1632     1.29E-06
702     0.09423     0.45691     2.743     1.17286     1.32E-06
703     0.0937     0.45628     2.678     1.18357     1.36E-06
704     0.09311     0.45533     2.593     1.19539     1.40E-06
705     0.09247     0.45409     2.491     1.20843     1.42E-06
706     0.09175     0.45262     2.375     1.22275     1.40E-06
707     0.09093     0.45095     2.249     1.23841     1.29E-06
708     0.09     0.44914     2.114     1.25547     1.11E-06
709     0.08894     0.44725     1.975     1.27397     9.30E-07
710     0.0878     0.44537     1.835     1.29395     8.02E-07
711     0.08662     0.44356     1.7     1.31545     7.39E-07
712     0.08538     0.44186     1.571     1.33844     7.25E-07
713     0.08404     0.44021     1.449     1.36283     7.44E-07
714     0.08254     0.43846     1.331     1.38837     7.92E-07
715     0.08083     0.4364     1.215     1.41476     8.80E-07
716     0.07884     0.43386     1.102     1.44167     1.03E-06
717     0.07655     0.43073     0.992     1.46881     1.22E-06
718     0.07393     0.42699     0.889     1.49578     1.39E-06
719     0.07099     0.42278     0.796     1.52221     1.52E-06
720     0.06786     0.41854     0.713     1.54797     1.66E-06
721     0.06468     0.41487     0.643     1.57312     1.84E-06
722     0.06149     0.4123     0.585     1.59742     2.10E-06
723     0.05827     0.41119     0.54     1.62045     2.47E-06
724     0.05499     0.41177     0.507     1.64165     2.99E-06
725     0.05161     0.41421     0.484     1.66036     3.72E-06
726     0.04811     0.41873     0.471     1.67584     4.68E-06
727     0.0445     0.42554     0.47     1.68733     5.95E-06
728     0.04083     0.4349     0.48     1.69416     7.58E-06
729     0.03721     0.44712     0.504     1.6958     9.65E-06
730     0.0338     0.46248     0.545     1.69201     1.22E-05
731     0.03074     0.48099     0.607     1.68297     1.53E-05
732     0.09578     0.44967     2.753     1.13545     1.38E-06
733     0.09531     0.45086     2.823     1.14175     1.36E-06
734     0.09483     0.45161     2.863     1.14899     1.35E-06
735     0.09433     0.45193     2.87     1.1572     1.35E-06
736     0.0938     0.45184     2.848     1.16639     1.35E-06
737     0.09322     0.45137     2.798     1.1766     1.36E-06
738     0.0926     0.45055     2.723     1.18791     1.37E-06
739     0.09193     0.44944     2.629     1.2004     1.38E-06
740     0.0912     0.44808     2.517     1.21414     1.35E-06
741     0.0904     0.44651     2.393     1.2292     1.25E-06
742     0.08952     0.4448     2.258     1.24562     1.09E-06
743     0.08854     0.44299     2.118     1.26346     9.08E-07
744     0.08743     0.44115     1.975     1.28274     7.60E-07
745     0.08619     0.43936     1.832     1.3035     6.74E-07
746     0.08485     0.43766     1.694     1.32574     6.44E-07
747     0.08342     0.43605     1.562     1.34938     6.53E-07
748     0.08187     0.43442     1.436     1.3742     6.87E-07
749     0.08015     0.43258     1.315     1.39989     7.47E-07
750     0.07819     0.43035     1.197     1.42614     8.41E-07
751     0.07595     0.42758     1.083     1.45265     9.85E-07
752     0.07339     0.42423     0.973     1.47913     1.19E-06
753     0.0705     0.42036     0.872     1.5052     1.40E-06
754     0.06734     0.41626     0.781     1.53059     1.59E-06
755     0.06408     0.41251     0.702     1.55528     1.79E-06
756     0.06081     0.40971     0.637     1.57919     2.05E-06
757     0.05752     0.40831     0.586     1.60195     2.43E-06
758     0.05419     0.40857     0.546     1.62305     2.97E-06
759     0.05077     0.41069     0.519     1.6419     3.71E-06
760     0.04725     0.41488     0.502     1.6578     4.70E-06
761     0.04364     0.42136     0.497     1.67004     6.02E-06
762     0.03998     0.43039     0.505     1.67789     7.73E-06
763     0.03638     0.44225     0.526     1.68081     9.90E-06
764     0.03298     0.45725     0.564     1.67844     1.26E-05
765     0.02993     0.47544     0.625     1.67088     1.59E-05
766     0.09508     0.44501     2.831     1.13738     1.48E-06
767     0.09454     0.44598     2.897     1.14407     1.46E-06
768     0.09398     0.44652     2.93     1.15174     1.45E-06
769     0.0934     0.44662     2.931     1.16041     1.44E-06
770     0.09278     0.44632     2.9     1.17012     1.44E-06
771     0.09212     0.44567     2.842     1.1809     1.44E-06
772     0.09141     0.4447     2.759     1.19283     1.43E-06
773     0.09065     0.44347     2.655     1.20597     1.39E-06
774     0.08983     0.44202     2.535     1.22039     1.30E-06
775     0.08895     0.4404     2.403     1.23615     1.14E-06
776     0.08799     0.43868     2.262     1.25329     9.46E-07
777     0.08694     0.43691     2.118     1.27183     7.74E-07
778     0.08577     0.43517     1.973     1.29181     6.59E-07
779     0.08445     0.43351     1.83     1.31323     6.04E-07
780     0.08298     0.43194     1.691     1.33604     5.94E-07
781     0.08136     0.4304     1.558     1.36006     6.12E-07
782     0.07958     0.42875     1.43     1.385     6.53E-07
783     0.0776     0.42679     1.306     1.4105     7.17E-07
784     0.07537     0.42436     1.186     1.43626     8.10E-07
785     0.07286     0.4214     1.071     1.46201     9.47E-07
786     0.07002     0.4179     0.962     1.48744     1.15E-06
787     0.06688     0.41404     0.863     1.51222     1.39E-06
788     0.06355     0.4103     0.776     1.53624     1.64E-06
789     0.06019     0.40732     0.703     1.55949     1.93E-06
790     0.05683     0.40565     0.643     1.58171     2.31E-06
791     0.05343     0.4056     0.597     1.60244     2.86E-06
792     0.04997     0.40741     0.564     1.62112     3.61E-06
793     0.04643     0.41127     0.544     1.63713     4.62E-06
794     0.04281     0.41742     0.535     1.6498     5.98E-06
795     0.03916     0.4261     0.539     1.65845     7.75E-06
796     0.03557     0.43761     0.558     1.6625     1.00E-05
797     0.03218     0.45223     0.594     1.66156     1.29E-05
798     0.02915     0.47008     0.653     1.65561     1.64E-05
799     0.09431     0.44016     2.895     1.13979     1.57E-06
800     0.09368     0.44091     2.956     1.14689     1.56E-06
801     0.09304     0.44124     2.983     1.15501     1.55E-06
802     0.09236     0.44114     2.977     1.16418     1.54E-06
803     0.09166     0.44067     2.939     1.17442     1.54E-06
804     0.09091     0.43987     2.873     1.18578     1.53E-06
805     0.09012     0.43879     2.783     1.19831     1.49E-06
806     0.08927     0.43747     2.671     1.21208     1.41E-06
807     0.08836     0.43597     2.544     1.22715     1.26E-06
808     0.08739     0.43435     2.406     1.24357     1.05E-06
809     0.08634     0.43265     2.262     1.26136     8.53E-07
810     0.08521     0.43097     2.115     1.28054     7.04E-07
811     0.08396     0.42936     1.971     1.3011     6.19E-07
812     0.08256     0.42786     1.83     1.32301     5.87E-07
813     0.08097     0.42642     1.694     1.34615     5.90E-07
814     0.07916     0.42493     1.56     1.37024     6.13E-07
815     0.07713     0.42321     1.43     1.39494     6.56E-07
816     0.07487     0.42111     1.304     1.41989     7.19E-07
817     0.07236     0.41851     1.182     1.44481     8.04E-07
818     0.06956     0.41539     1.067     1.4694     9.29E-07
819     0.06645     0.41185     0.96     1.49337     1.12E-06
820     0.06309     0.40823     0.865     1.5165     1.39E-06
821     0.05964     0.40514     0.783     1.53882     1.70E-06
822     0.05618     0.40321     0.715     1.56023     2.08E-06
823     0.05272     0.40287     0.662     1.58032     2.60E-06
824     0.04921     0.40436     0.623     1.59856     3.34E-06
825     0.04564     0.4079     0.597     1.61439     4.35E-06
826     0.04202     0.41372     0.584     1.6272     5.72E-06
827     0.03837     0.42205     0.585     1.63637     7.53E-06
828     0.03478     0.4332     0.602     1.64136     9.88E-06
829     0.03141     0.44744     0.636     1.64175     1.29E-05
830     0.02839     0.46493     0.694     1.63745     1.66E-05
831     0.09343     0.43514     2.942     1.14271     1.66E-06
832     0.09272     0.43569     2.999     1.15025     1.65E-06
833     0.09198     0.43582     3.021     1.15885     1.64E-06
834     0.09123     0.43555     3.009     1.16853     1.64E-06
835     0.09044     0.43494     2.964     1.17931     1.63E-06
836     0.0896     0.43403     2.892     1.19123     1.61E-06
837     0.08873     0.43288     2.794     1.20435     1.54E-06
838     0.08779     0.43151     2.677     1.21872     1.41E-06
839     0.0868     0.43     2.545     1.23439     1.21E-06
840     0.08573     0.4284     2.403     1.2514     9.85E-07
841     0.08459     0.42678     2.258     1.26977     7.99E-07
842     0.08335     0.42523     2.113     1.28947     6.80E-07
843     0.082     0.42378     1.971     1.31048     6.24E-07
844     0.08049     0.42244     1.834     1.33268     6.14E-07
845     0.07877     0.42112     1.7     1.35584     6.29E-07
846     0.07678     0.41965     1.569     1.37965     6.60E-07
847     0.0745     0.41784     1.438     1.40374     7.07E-07
848     0.07196     0.41559     1.31     1.42778     7.67E-07
849     0.06915     0.41285     1.188     1.45146     8.46E-07
850     0.06605     0.40967     1.074     1.4745     9.62E-07
851     0.06268     0.40626     0.97     1.49662     1.15E-06
852     0.05915     0.40315     0.88     1.51779     1.43E-06
853     0.0556     0.40101     0.803     1.53807     1.80E-06
854     0.05206     0.40038     0.742     1.55724     2.27E-06
855     0.0485     0.40156     0.696     1.57479     2.93E-06
856     0.0449     0.40478     0.664     1.59019     3.86E-06
857     0.04126     0.41026     0.647     1.60288     5.15E-06
858     0.03761     0.41825     0.645     1.61231     6.90E-06
859     0.03404     0.42902     0.659     1.618     9.25E-06
860     0.03067     0.44288     0.692     1.61956     1.23E-05
861     0.02767     0.45999     0.749     1.61685     1.62E-05
862     0.09244     0.42997     2.972     1.14616     1.74E-06
863     0.09164     0.43034     3.024     1.15417     1.73E-06
864     0.09083     0.43031     3.042     1.16327     1.73E-06
865     0.08999     0.42991     3.024     1.17346     1.73E-06
866     0.08911     0.4292     2.974     1.18478     1.71E-06
867     0.0882     0.42823     2.896     1.19725     1.67E-06
868     0.08724     0.42702     2.794     1.21092     1.56E-06
869     0.08622     0.42565     2.673     1.22584     1.38E-06
870     0.08513     0.42416     2.539     1.24207     1.15E-06
871     0.08397     0.42263     2.397     1.2596     9.32E-07
872     0.08272     0.42114     2.254     1.27845     7.77E-07
873     0.08137     0.41974     2.113     1.29854     6.91E-07
874     0.07989     0.41848     1.976     1.3198     6.64E-07
875     0.07824     0.41729     1.843     1.34202     6.75E-07
876     0.07635     0.41604     1.713     1.36489     7.06E-07
877     0.07417     0.41456     1.584     1.38806     7.50E-07
878     0.07167     0.41267     1.454     1.41116     8.04E-07
879     0.06885     0.41031     1.327     1.4339     8.67E-07
880     0.06573     0.40749     1.206     1.45597     9.46E-07
881     0.06234     0.40437     1.094     1.47706     1.06E-06
882     0.05875     0.40133     0.994     1.49701     1.26E-06
883     0.0551     0.39904     0.909     1.51594     1.57E-06
884     0.05147     0.39813     0.84     1.53387     2.01E-06
885     0.04784     0.399     0.786     1.55046     2.60E-06
886     0.0442     0.4019     0.749     1.56519     3.38E-06
887     0.04054     0.40705     0.727     1.57753     4.48E-06
888     0.03689     0.41469     0.721     1.58699     6.03E-06
889     0.03333     0.4251     0.733     1.59315     8.17E-06
890     0.02997     0.43856     0.765     1.59568     1.10E-05
891     0.02698     0.45527     0.822     1.59444     1.48E-05
892     0.09136     0.42471     2.984     1.15017     1.82E-06
893     0.09047     0.42492     3.033     1.15866     1.81E-06
894     0.08957     0.42477     3.046     1.16826     1.81E-06
895     0.08865     0.42429     3.024     1.17897     1.81E-06
896     0.0877     0.42352     2.97     1.1908     1.78E-06
897     0.0867     0.4225     2.888     1.20379     1.70E-06
898     0.08565     0.42129     2.783     1.21798     1.54E-06
899     0.08454     0.41994     2.661     1.23342     1.32E-06
900     0.08336     0.41852     2.528     1.25013     1.09E-06
901     0.08209     0.4171     2.39     1.2681     8.99E-07
902     0.08073     0.41577     2.252     1.2873     7.81E-07
903     0.07925     0.41457     2.117     1.30761     7.31E-07
904     0.07762     0.41349     1.987     1.32888     7.35E-07
905     0.07579     0.41243     1.86     1.35082     7.68E-07
906     0.07371     0.41122     1.733     1.37306     8.20E-07
907     0.07132     0.40969     1.607     1.39523     8.84E-07
908     0.06859     0.40773     1.481     1.41699     9.51E-07
909     0.06551     0.40532     1.356     1.43807     1.02E-06
910     0.06211     0.40254     1.237     1.45814     1.11E-06
911     0.05846     0.39968     1.129     1.47695     1.25E-06
912     0.05469     0.39731     1.035     1.49449     1.48E-06
913     0.05095     0.39614     0.958     1.51097     1.85E-06
914     0.04725     0.3967     0.897     1.52629     2.39E-06
915     0.04356     0.39927     0.853     1.54008     3.12E-06
916     0.03987     0.40408     0.826     1.55185     4.07E-06
917     0.03622     0.41138     0.816     1.56114     5.39E-06
918     0.03266     0.42141     0.826     1.56757     7.22E-06
919     0.02932     0.43447     0.858     1.57087     9.73E-06
920     0.02634     0.45077     0.915     1.57093     1.31E-05
921     0.09017     0.41941     2.979     1.15474     1.89E-06
922     0.0892     0.41951     3.025     1.16372     1.89E-06
923     0.08823     0.41928     3.035     1.17382     1.90E-06
924     0.08723     0.41874     3.01     1.18502     1.89E-06
925     0.0862     0.41794     2.953     1.19735     1.83E-06
926     0.08512     0.41691     2.87     1.21083     1.70E-06
927     0.08398     0.41572     2.765     1.2255     1.50E-06
928     0.08277     0.41443     2.645     1.2414     1.26E-06
929     0.08149     0.41312     2.517     1.25852     1.04E-06
930     0.08011     0.41186     2.385     1.27682     8.93E-07
931     0.07862     0.41073     2.255     1.29621     8.15E-07
932     0.07699     0.40975     2.129     1.31655     8.03E-07
933     0.07519     0.40884     2.006     1.33756     8.36E-07
934     0.07315     0.40787     1.885     1.3589     8.95E-07
935     0.07083     0.40666     1.763     1.38016     9.73E-07
936     0.0682     0.40509     1.64     1.40099     1.06E-06
937     0.06524     0.4031     1.518     1.42108     1.15E-06
938     0.06193     0.40073     1.398     1.44015     1.24E-06
939     0.05829     0.39815     1.285     1.4579     1.36E-06
940     0.05444     0.39582     1.184     1.47418     1.53E-06
941     0.05056     0.39444     1.098     1.48918     1.82E-06
942     0.04674     0.39467     1.029     1.50306     2.29E-06
943     0.04299     0.3969     0.979     1.51564     2.98E-06
944     0.03927     0.40137     0.947     1.52658     3.91E-06
945     0.0356     0.4083     0.934     1.53549     5.10E-06
946     0.03205     0.41796     0.942     1.542     6.71E-06
947     0.02872     0.43061     0.973     1.54589     8.92E-06
948     0.02574     0.44648     1.032     1.54707     1.19E-05
949     0.0889     0.41414     2.959     1.15988     1.97E-06
950     0.08786     0.41417     3.002     1.16934     1.98E-06
951     0.0868     0.41389     3.009     1.17992     1.98E-06
952     0.08573     0.41332     2.983     1.1916     1.95E-06
953     0.08461     0.41251     2.926     1.2044     1.85E-06
954     0.08344     0.41151     2.844     1.21835     1.68E-06
955     0.08221     0.41037     2.742     1.23346     1.44E-06
956     0.0809     0.40918     2.628     1.24974     1.21E-06
957     0.07951     0.40802     2.507     1.26718     1.03E-06
958     0.078     0.40697     2.386     1.28568     9.18E-07
959     0.07637     0.40607     2.266     1.3051     8.83E-07
960     0.07457     0.4053     2.15     1.32521     9.08E-07
961     0.07256     0.40453     2.036     1.34567     9.71E-07
962     0.07029     0.40362     1.92     1.36608     1.06E-06
963     0.06772     0.40241     1.804     1.38604     1.17E-06
964     0.06484     0.40083     1.686     1.40523     1.28E-06
965     0.06164     0.39887     1.569     1.42336     1.41E-06
966     0.05811     0.39665     1.457     1.44013     1.54E-06
967     0.05429     0.3945     1.353     1.45531     1.70E-06
968     0.05032     0.39303     1.262     1.46896     1.93E-06
969     0.04638     0.39296     1.187     1.48138     2.32E-06
970     0.04252     0.39482     1.13     1.49262     2.93E-06
971     0.03875     0.39892     1.093     1.5025     3.82E-06
972     0.03506     0.40548     1.078     1.51077     5.00E-06
973     0.0315     0.41475     1.084     1.51716     6.54E-06
974     0.02817     0.42698     1.116     1.52146     8.56E-06
975     0.0252     0.44241     1.177     1.5236     1.13E-05
976     0.08756     0.40896     2.925     1.16556     2.05E-06
977     0.08644     0.40895     2.966     1.1755     2.06E-06
978     0.08531     0.40865     2.973     1.18655     2.05E-06
979     0.08415     0.40808     2.946     1.1987     1.98E-06
980     0.08295     0.40729     2.891     1.21195     1.84E-06
981     0.08169     0.40633     2.813     1.22632     1.62E-06
982     0.08035     0.40529     2.718     1.24182     1.38E-06
983     0.07893     0.40425     2.613     1.25842     1.18E-06
984     0.07741     0.40329     2.503     1.27605     1.04E-06
985     0.07577     0.40247     2.394     1.2946     9.76E-07
986     0.07397     0.40182     2.287     1.31385     9.85E-07
987     0.07198     0.40124     2.182     1.33348     1.05E-06
988     0.06974     0.40059     2.076     1.35309     1.14E-06
989     0.06721     0.39971     1.968     1.37226     1.26E-06
990     0.06438     0.39851     1.858     1.39064     1.40E-06
991     0.06125     0.39696     1.747     1.40793     1.56E-06
992     0.05781     0.39513     1.638     1.42385     1.73E-06
993     0.05408     0.39326     1.536     1.43811     1.92E-06
994     0.05015     0.39182     1.445     1.45064     2.15E-06
995     0.04616     0.39154     1.368     1.46171     2.48E-06
996     0.04222     0.39306     1.309     1.4716     2.99E-06
997     0.03836     0.39676     1.269     1.48032     3.78E-06
998     0.03461     0.40292     1.25     1.48776     4.94E-06
999     0.03103     0.41177     1.256     1.49378     6.47E-06
1000     0.0277     0.42357     1.289     1.49828     8.47E-06
1001     0.02472     0.43853     1.354     1.50118     1.10E-05
1002     0.08617     0.40392     2.879     1.17178     2.12E-06
1003     0.08497     0.4039     2.92     1.18219     2.12E-06
1004     0.08376     0.40359     2.927     1.19371     2.08E-06
1005     0.08251     0.40304     2.903     1.20631     1.97E-06
1006     0.08121     0.4023     2.853     1.22     1.78E-06
1007     0.07985     0.40143     2.782     1.23475     1.55E-06
1008     0.0784     0.40053     2.696     1.25057     1.33E-06
1009     0.07686     0.39967     2.603     1.26739     1.17E-06
1010     0.0752     0.39896     2.507     1.28511     1.08E-06
1011     0.07339     0.39841     2.413     1.30354     1.07E-06
1012     0.07141     0.39799     2.32     1.32239     1.13E-06
1013     0.06919     0.39757     2.227     1.34127     1.23E-06
1014     0.0667     0.39701     2.131     1.35975     1.36E-06
1015     0.06391     0.39618     2.031     1.37743     1.51E-06
1016     0.06082     0.39502     1.929     1.394     1.69E-06
1017     0.05745     0.39359     1.827     1.40918     1.89E-06
1018     0.05379     0.39204     1.729     1.42271     2.12E-06
1019     0.04991     0.39074     1.641     1.43438     2.40E-06
1020     0.04593     0.39035     1.567     1.44435     2.74E-06
1021     0.04198     0.39158     1.511     1.45301     3.20E-06
1022     0.03811     0.39491     1.473     1.46058     3.86E-06
1023     0.03432     0.40065     1.456     1.4671     4.88E-06
1024     0.03069     0.40906     1.463     1.47258     6.37E-06
1025     0.02732     0.42039     1.498     1.47703     8.36E-06
1026     0.02432     0.43486     1.568     1.48049     1.09E-05
1027     0.08473     0.39908     2.825     1.17857     2.17E-06
1028     0.08346     0.39905     2.866     1.18945     2.15E-06
1029     0.08216     0.39877     2.876     1.20143     2.07E-06
1030     0.08081     0.39826     2.857     1.21448     1.92E-06
1031     0.07941     0.39759     2.814     1.22856     1.71E-06
1032     0.07793     0.39685     2.753     1.24366     1.49E-06
1033     0.07635     0.39613     2.68     1.25974     1.31E-06
1034     0.07467     0.39552     2.602     1.27668     1.20E-06
1035     0.07285     0.39507     2.523     1.29435     1.16E-06
1036     0.07087     0.39479     2.445     1.31248     1.20E-06
1037     0.06866     0.39458     2.366     1.33071     1.31E-06
1038     0.0662     0.39431     2.286     1.34858     1.45E-06
1039     0.06346     0.39383     2.201     1.36569     1.62E-06
1040     0.06041     0.39306     2.111     1.38167     1.82E-06
1041     0.05708     0.39202     2.02     1.39626     2.04E-06
1042     0.05348     0.39083     1.931     1.4092     2.30E-06
1043     0.04965     0.38976     1.848     1.42026     2.61E-06
1044     0.04568     0.38935     1.78     1.42944     3.01E-06
1045     0.04172     0.39032     1.729     1.43712     3.51E-06
1046     0.03787     0.3933     1.698     1.44369     4.14E-06
1047     0.03412     0.39865     1.69     1.44934     5.00E-06
1048     0.03049     0.40662     1.705     1.45419     6.28E-06
1049     0.02709     0.41747     1.748     1.45842     8.16E-06
1050     0.02405     0.43141     1.823     1.46218     1.07E-05
1051     0.08327     0.39445     2.764     1.18597     2.19E-06
1052     0.0819     0.39445     2.808     1.19733     2.14E-06
1053     0.0805     0.3942     2.822     1.20977     2.02E-06
1054     0.07905     0.39376     2.81     1.22325     1.84E-06
1055     0.07753     0.39321     2.777     1.23771     1.63E-06
1056     0.07592     0.39263     2.729     1.2531     1.44E-06
1057     0.07421     0.39214     2.672     1.26936     1.32E-06
1058     0.07237     0.39181     2.612     1.28634     1.26E-06
1059     0.07037     0.39166     2.551     1.30381     1.29E-06
1060     0.06818     0.39163     2.491     1.32146     1.39E-06
1061     0.06574     0.39162     2.428     1.33883     1.54E-06
1062     0.06303     0.39146     2.361     1.35549     1.72E-06
1063     0.06002     0.39108     2.289     1.37104     1.94E-06
1064     0.05674     0.39043     2.213     1.38519     2.19E-06
1065     0.05319     0.38961     2.136     1.39771     2.47E-06
1066     0.04941     0.38882     2.064     1.40837     2.80E-06
1067     0.04546     0.38849     2.004     1.41706     3.23E-06
1068     0.04149     0.38929     1.961     1.42405     3.78E-06
1069     0.03762     0.39192     1.94     1.42984     4.47E-06
1070     0.0339     0.39686     1.943     1.43479     5.33E-06
1071     0.03033     0.4044     1.973     1.43911     6.44E-06
1072     0.02697     0.41476     2.032     1.44306     8.04E-06
1073     0.02392     0.42818     2.123     1.44694     1.04E-05
1074     0.08178     0.39007     2.699     1.19407     2.18E-06
1075     0.08031     0.3901     2.747     1.20592     2.09E-06
1076     0.0788     0.38991     2.769     1.21883     1.93E-06
1077     0.07723     0.38958     2.766     1.23272     1.74E-06
1078     0.07558     0.38918     2.746     1.24753     1.56E-06
1079     0.07383     0.38883     2.714     1.26318     1.43E-06
1080     0.07196     0.38861     2.675     1.27955     1.36E-06
1081     0.06995     0.38858     2.635     1.29645     1.37E-06
1082     0.06775     0.38873     2.594     1.3136     1.46E-06
1083     0.06533     0.38894     2.552     1.33058     1.62E-06
1084     0.06265     0.38909     2.506     1.34692     1.82E-06
1085     0.05968     0.38906     2.455     1.3622     2.06E-06
1086     0.05644     0.38881     2.399     1.37609     2.33E-06
1087     0.05294     0.38837     2.34     1.38836     2.63E-06
1088     0.04921     0.3879     2.283     1.3988     2.98E-06
1089     0.04531     0.38774     2.235     1.40728     3.42E-06
1090     0.04133     0.38846     2.204     1.41391     4.00E-06
1091     0.03743     0.39078     2.196     1.41918     4.74E-06
1092     0.0337     0.3953     2.213     1.42365     5.67E-06
1093     0.03015     0.40237     2.26     1.42763     6.80E-06
1094     0.02684     0.41223     2.339     1.43142     8.23E-06
1095     0.02384     0.42511     2.454     1.43542     1.02E-05
1096     0.08027     0.38596     2.632     1.20298     2.12E-06
1097     0.07869     0.38605     2.687     1.21535     1.99E-06
1098     0.07705     0.38595     2.717     1.22874     1.83E-06
1099     0.07535     0.38576     2.727     1.24304     1.66E-06
1100     0.07355     0.38557     2.722     1.25819     1.52E-06
1101     0.07165     0.38548     2.709     1.27405     1.45E-06
1102     0.06961     0.38557     2.692     1.29049     1.45E-06
1103     0.06741     0.38586     2.673     1.30723     1.53E-06
1104     0.06499     0.38628     2.654     1.32392     1.69E-06
1105     0.06233     0.38671     2.632     1.34008     1.92E-06
1106     0.0594     0.38703     2.604     1.35525     2.17E-06
1107     0.0562     0.38715     2.572     1.36907     2.47E-06
1108     0.05274     0.38709     2.535     1.38129     2.80E-06
1109     0.04907     0.38696     2.498     1.39172     3.17E-06
1110     0.04522     0.38703     2.468     1.40023     3.61E-06
1111     0.04126     0.38778     2.453     1.40683     4.18E-06
1112     0.03733     0.38986     2.461     1.4119     4.95E-06
1113     0.03358     0.39396     2.496     1.41611     5.92E-06
1114     0.03003     0.40054     2.562     1.41995     7.13E-06
1115     0.02673     0.40988     2.664     1.4238     8.60E-06
1116     0.02375     0.42218     2.805     1.42806     1.04E-05
1117     0.07875     0.38214     2.566     1.21291     2.02E-06
1118     0.07704     0.38231     2.628     1.22582     1.89E-06
1119     0.07527     0.38234     2.67     1.23971     1.73E-06
1120     0.07342     0.38233     2.695     1.25445     1.60E-06
1121     0.07147     0.38239     2.709     1.26993     1.52E-06
1122     0.06939     0.38262     2.717     1.286     1.52E-06
1123     0.06717     0.38304     2.723     1.30245     1.59E-06
1124     0.06475     0.38365     2.728     1.31896     1.75E-06
1125     0.06211     0.38433     2.731     1.33508     1.99E-06
1126     0.05921     0.38496     2.731     1.35032     2.28E-06
1127     0.05604     0.38544     2.725     1.36429     2.61E-06
1128     0.05263     0.38576     2.714     1.37668     2.97E-06
1129     0.049     0.38598     2.702     1.38732     3.35E-06
1130     0.0452     0.38633     2.695     1.39609     3.79E-06
1131     0.04128     0.38718     2.7     1.40297     4.35E-06
1132     0.03736     0.38911     2.728     1.40819     5.11E-06
1133     0.03357     0.39283     2.784     1.41243     6.10E-06
1134     0.03     0.39891     2.874     1.41637     7.36E-06
1135     0.0267     0.4077     3.001     1.42048     8.89E-06
1136     0.02371     0.4194     3.17     1.42523     1.07E-05
1137     0.07721     0.37863     2.502     1.2241     1.91E-06
1138     0.07536     0.37892     2.574     1.23761     1.78E-06
1139     0.07345     0.37912     2.629     1.25204     1.65E-06
1140     0.07144     0.37935     2.671     1.26726     1.58E-06
1141     0.06932     0.37971     2.706     1.2831     1.57E-06
1142     0.06706     0.38027     2.738     1.2994     1.64E-06
1143     0.06463     0.38104     2.769     1.31586     1.79E-06
1144     0.06199     0.38194     2.8     1.33209     2.05E-06
1145     0.05912     0.38286     2.827     1.34759     2.37E-06
1146     0.05599     0.38369     2.851     1.36192     2.73E-06
1147     0.05261     0.38437     2.87     1.37473     3.13E-06
1148     0.04903     0.38495     2.887     1.38584     3.54E-06
1149     0.04528     0.38559     2.907     1.39514     3.99E-06
1150     0.04141     0.3866     2.937     1.40259     4.53E-06
1151     0.0375     0.38848     2.989     1.40836     5.26E-06
1152     0.03369     0.39189     3.07     1.41298     6.24E-06
1153     0.03009     0.39748     3.185     1.41727     7.50E-06
1154     0.02677     0.40568     3.341     1.4219     9.07E-06
1155     0.02376     0.41677     3.541     1.4274     1.10E-05
1156     0.07567     0.37546     2.441     1.23691     1.80E-06
1157     0.07367     0.3759     2.525     1.2511     1.69E-06
1158     0.0716     0.37632     2.596     1.26617     1.61E-06
1159     0.06942     0.37683     2.658     1.28195     1.61E-06
1160     0.06712     0.37753     2.717     1.29824     1.68E-06
1161     0.06467     0.37845     2.775     1.31482     1.83E-06
1162     0.06203     0.37955     2.833     1.33132     2.09E-06
1163     0.05917     0.38073     2.89     1.34728     2.44E-06
1164     0.05606     0.38188     2.944     1.36222     2.85E-06
1165     0.05273     0.38291     2.995     1.37574     3.29E-06
1166     0.04918     0.38385     3.044     1.38762     3.74E-06
1167     0.04547     0.38479     3.095     1.39774     4.21E-06
1168     0.04165     0.386     3.155     1.40609     4.74E-06
1169     0.03778     0.38791     3.234     1.41278     5.43E-06
1170     0.03396     0.39109     3.342     1.41822     6.37E-06
1171     0.03032     0.39621     3.486     1.42322     7.61E-06
1172     0.02696     0.40382     3.672     1.42867     9.18E-06
1173     0.02393     0.41426     3.904     1.4352     1.11E-05
1174     0.07414     0.37265     2.386     1.25184     1.72E-06
1175     0.07198     0.37328     2.483     1.26686     1.64E-06
1176     0.06974     0.37397     2.572     1.28271     1.63E-06
1177     0.06738     0.37481     2.657     1.29919     1.70E-06
1178     0.0649     0.37587     2.741     1.31608     1.85E-06
1179     0.06224     0.37715     2.827     1.33307     2.11E-06
1180     0.05938     0.37857     2.913     1.34971     2.49E-06
1181     0.0563     0.38001     2.999     1.36553     2.95E-06
1182     0.05299     0.38138     3.082     1.38007     3.45E-06
1183     0.04948     0.38266     3.165     1.39307     3.96E-06
1184     0.0458     0.38391     3.25     1.40438     4.46E-06
1185     0.04202     0.38535     3.342     1.414     4.98E-06
1186     0.03819     0.38733     3.452     1.42204     5.64E-06
1187     0.03438     0.39036     3.589     1.42879     6.54E-06
1188     0.03071     0.39508     3.764     1.43497     7.73E-06
1189     0.0273     0.4021     3.981     1.4416     9.27E-06
1190     0.02423     0.41187     4.247     1.44955     1.12E-05
1191     0.07262     0.37021     2.337     1.2696     1.67E-06
1192     0.0703     0.3711     2.45     1.28567     1.65E-06
1193     0.06788     0.3721     2.56     1.30253     1.72E-06
1194     0.06535     0.37331     2.669     1.31996     1.87E-06
1195     0.06266     0.37475     2.78     1.33768     2.13E-06
1196     0.05979     0.37637     2.895     1.35528     2.52E-06
1197     0.05672     0.37808     3.011     1.37229     3.04E-06
1198     0.05344     0.37976     3.127     1.38824     3.62E-06
1199     0.04995     0.38136     3.244     1.40277     4.20E-06
1200     0.04631     0.38293     3.364     1.41572     4.75E-06
1201     0.04255     0.38461     3.49     1.42708     5.29E-06
1202     0.03875     0.3867     3.632     1.43693     5.92E-06
1203     0.03497     0.38965     3.801     1.44555     6.77E-06
1204     0.03127     0.39404     4.006     1.45351     7.91E-06
1205     0.02781     0.40051     4.255     1.46184     0.000009416
1206     0.02467     0.40959     4.554     1.47165     1.13E-05
1207     0.07115     0.36818     2.296     1.29118     1.68E-06
1208     0.06865     0.36936     2.427     1.30863     1.74E-06
1209     0.06606     0.37072     2.558     1.32687     1.89E-06
1210     0.06333     0.37231     2.693     1.34562     2.15E-06
1211     0.06045     0.37412     2.833     1.36452     2.55E-06
1212     0.05738     0.37607     2.978     1.38312     3.11E-06
1213     0.0541     0.37803     3.125     1.4009     3.78E-06
1214     0.05064     0.37995     3.276     1.41748     4.47E-06
1215     0.04702     0.38182     3.429     1.43263     5.11E-06
1216     0.04328     0.38374     3.591     1.44629     5.69E-06
1217     0.0395     0.38597     3.766     1.45856     6.30E-06
1218     0.03573     0.3889     3.965     1.4697     7.11E-06
1219     0.03202     0.39304     4.2     1.48017     8.20E-06
1220     0.0285     0.39901     4.479     1.49091     9.66E-06
1221     0.02529     0.40741     4.81     1.50318     1.15E-05
1222     0.06973     0.36657     2.265     1.318     1.78E-06
1223     0.06707     0.36809     2.415     1.33734     1.92E-06
1224     0.0643     0.36984     2.57     1.35749     2.19E-06
1225     0.06138     0.37181     2.732     1.37811     2.60E-06
1226     0.05829     0.37397     2.901     1.39876     3.19E-06
1227     0.05502     0.37619     3.076     1.41894     3.96E-06
1228     0.05157     0.3784     3.257     1.4382     4.78E-06
1229     0.04796     0.38056     3.443     1.45622     5.56E-06
1230     0.04424     0.38274     3.637     1.47293     6.21E-06
1231     0.04046     0.38512     3.844     1.4884     6.84E-06
1232     0.03669     0.38806     4.074     1.50285     7.61E-06
1233     0.03298     0.39202     4.337     1.51672     8.66E-06
1234     0.0294     0.39757     4.643     1.53078     1.01E-05
1235     0.0261     0.40533     5.002     1.54631     1.19E-05
1236     0.06842     0.36538     2.245     1.35205     1.98E-06
1237     0.06558     0.36728     2.415     1.37403     2.25E-06
1238     0.06262     0.36941     2.594     1.39689     2.67E-06
1239     0.05951     0.37175     2.784     1.42021     3.29E-06
1240     0.05623     0.37421     2.982     1.44348     4.15E-06
1241     0.05278     0.37669     3.189     1.46619     5.14E-06
1242     0.04917     0.37914     3.404     1.48799     0.000006101
1243     0.04545     0.38156     3.627     1.5087     6.91E-06
1244     0.04166     0.38412     3.864     1.52835     7.59E-06
1245     0.03788     0.3871     4.121     1.54715     8.35E-06
1246     0.03414     0.39093     4.409     1.5655     9.36E-06
1247     0.03052     0.39614     4.74     1.58404     1.07E-05
1248     0.02712     0.40333     5.122     1.60389     1.26E-05
1249     0.06723     0.36459     2.237     1.39618     2.35E-06
1250     0.06422     0.36689     2.428     1.42192     2.79E-06
1251     0.06108     0.3694     2.632     1.44867     3.45E-06
1252     0.05778     0.37207     2.848     1.47591     4.38E-06
1253     0.05431     0.3748     3.076     1.5031     5.55E-06
1254     0.05069     0.37751     3.314     1.52979     6.77E-06
1255     0.04695     0.38019     3.563     1.55573     7.82E-06
1256     0.04314     0.38293     3.825     1.58087     8.63E-06
1257     0.03932     0.38598     4.106     1.60536     9.41E-06
1258     0.03555     0.38973     4.415     1.62954     1.04E-05
1259     0.03187     0.39467     4.765     1.65394     1.18E-05
1260     0.02838     0.40139     5.166     1.67946     1.36E-05
1261     0.0662     0.36419     2.242     1.45451     2.98E-06
1262     0.06301     0.36687     2.455     1.48564     3.68E-06
1263     0.05968     0.36974     2.682     1.51798     4.70E-06
1264     0.05619     0.37269     2.925     1.55094     6.05E-06
1265     0.05255     0.37566     3.18     1.58397     7.59E-06
1266     0.04878     0.37858     3.448     1.61671     8.99E-06
1267     0.04493     0.38152     3.731     1.64901     1.00E-05
1268     0.04105     0.38467     4.031     1.6809     1.09E-05
1269     0.03722     0.38839     4.358     1.71259     1.19E-05
1270     0.03347     0.39314     4.722     1.74451     1.33E-05
1271     0.02987     0.39946     5.136     1.77727     1.51E-05
1272     0.06535     0.36412     2.261     1.53288     4.02E-06
1273     0.06198     0.36716     2.495     1.57173     5.15E-06
1274     0.05845     0.37034     2.746     1.61208     6.70E-06
1275     0.05477     0.37354     3.012     1.65329     8.61E-06
1276     0.05095     0.37672     3.294     1.69482     1.05E-05
1277     0.04704     0.37988     3.591     1.73635     1.20E-05
1278     0.04309     0.38317     3.905     1.77776     1.31E-05
1279     0.03916     0.38689     4.244     1.81905     1.41E-05
1280     0.03531     0.3915     4.618     1.86039     1.55E-05
1281     0.0316     0.39753     5.04     1.90214     1.74E-05
1282     0.06468     0.36432     2.295     1.63944     5.79E-06
1283     0.06109     0.3677     2.549     1.68916     7.59E-06
1284     0.05735     0.37115     2.821     1.74077     9.93E-06
1285     0.05347     0.37458     3.111     1.7935     1.25E-05
1286     0.04947     0.37797     3.417     1.84679     1.46E-05
1287     0.04542     0.38144     3.74     1.90023     1.61E-05
1288     0.04137     0.38522     4.087     1.9535     1.73E-05
1289     0.03739     0.38976     4.467     2.00641     1.88E-05
1290     0.03355     0.39557     4.892     2.05892     2.07E-05
1291     0.06412     0.36476     2.345     1.7848     8.83E-06
1292     0.06029     0.36844     2.618     1.84935     1.17E-05
1293     0.05631     0.37214     2.911     1.91603     1.51E-05
1294     0.05221     0.37579     3.222     1.98389     1.82E-05
1295     0.04803     0.37947     3.551     2.05211     2.04E-05
1296     0.04383     0.38338     3.901     2.11993     2.20E-05
1297     0.03969     0.38791     4.283     2.18663     2.36E-05
1298     0.03567     0.39356     4.708     2.25166     2.57E-05
1299     0.06354     0.36542     2.413     1.98125     1.41E-05
1300     0.05944     0.36939     2.706     2.0647     1.86E-05
1301     0.05519     0.37333     3.018     2.14999     2.32E-05
1302     0.05085     0.37726     3.349     2.23573     2.66E-05
1303     0.04648     0.38135     3.702     2.32058     2.88E-05
1304     0.04215     0.38594     4.083     2.4032     3.08E-05
1305     0.03794     0.39152     4.505     2.48241     3.30E-05
1306     0.06276     0.36633     2.503     2.23996     2.32E-05
1307     0.05834     0.37058     2.815     2.34522     2.98E-05
1308     0.05382     0.37481     3.147     2.45088     3.53E-05
1309     0.04925     0.37913     3.5     2.55491     3.88E-05
1310     0.04471     0.38384     3.88     2.6553     4.12E-05
1311     0.04029     0.38941     4.297     2.75017     4.36E-05
1312     0.06156     0.36755     2.62     2.56693     3.82E-05
1313     0.05682     0.3721     2.953     2.69426     4.69E-05
1314     0.05204     0.37671     3.306     2.81905     5.25E-05
1315     0.04728     0.38161     3.684     2.93862     5.57E-05
1316     0.04264     0.38723     4.097     3.05042     5.83E-05
1317     0.05977     0.36914     2.77     2.95964     6.08E-05
1318     0.05476     0.37407     3.124     3.10605     7.01E-05
1319     0.04979     0.3792     3.502     3.24567     7.47E-05
1320     0.04493     0.38494     3.911     3.37533     7.74E-05
1321     0.05733     0.37117     2.955     3.40699     9.08E-05
1322     0.05215     0.37658     3.335     3.567     9.83E-05
1323     0.0471     0.38248     3.743     3.71516     0.000101427
1324     0.05429     0.37361     3.18     3.8948     0.000126192
1325     0.04907     0.3797     3.589     4.06206     0.000130662
1326     0.05073     0.37603     3.435     4.4248     0.000165335
