0     sand(%)     silt(%)     clay(%)
1     0     0     100
2     0     2     98
3     0     4     96
4     0     6     94
5     0     8     92
6     0     10     90
7     0     12     88
8     0     14     86
9     0     16     84
10     0     18     82
11     0     20     80
12     0     22     78
13     0     24     76
14     0     26     74
15     0     28     72
16     0     30     70
17     0     32     68
18     0     34     66
19     0     36     64
20     0     38     62
21     0     40     60
22     0     42     58
23     0     44     56
24     0     46     54
25     0     48     52
26     0     50     50
27     0     52     48
28     0     54     46
29     0     56     44
30     0     58     42
31     0     60     40
32     0     62     38
33     0     64     36
34     0     66     34
35     0     68     32
36     0     70     30
37     0     72     28
38     0     74     26
39     0     76     24
40     0     78     22
41     0     80     20
42     0     82     18
43     0     84     16
44     0     86     14
45     0     88     12
46     0     90     10
47     0     92     8
48     0     94     6
49     0     96     4
50     0     98     2
51     0     100     0
52     2     0     98
53     2     2     96
54     2     4     94
55     2     6     92
56     2     8     90
57     2     10     88
58     2     12     86
59     2     14     84
60     2     16     82
61     2     18     80
62     2     20     78
63     2     22     76
64     2     24     74
65     2     26     72
66     2     28     70
67     2     30     68
68     2     32     66
69     2     34     64
70     2     36     62
71     2     38     60
72     2     40     58
73     2     42     56
74     2     44     54
75     2     46     52
76     2     48     50
77     2     50     48
78     2     52     46
79     2     54     44
80     2     56     42
81     2     58     40
82     2     60     38
83     2     62     36
84     2     64     34
85     2     66     32
86     2     68     30
87     2     70     28
88     2     72     26
89     2     74     24
90     2     76     22
91     2     78     20
92     2     80     18
93     2     82     16
94     2     84     14
95     2     86     12
96     2     88     10
97     2     90     8
98     2     92     6
99     2     94     4
100     2     96     2
101     2     98     0
102     4     0     96
103     4     2     94
104     4     4     92
105     4     6     90
106     4     8     88
107     4     10     86
108     4     12     84
109     4     14     82
110     4     16     80
111     4     18     78
112     4     20     76
113     4     22     74
114     4     24     72
115     4     26     70
116     4     28     68
117     4     30     66
118     4     32     64
119     4     34     62
120     4     36     60
121     4     38     58
122     4     40     56
123     4     42     54
124     4     44     52
125     4     46     50
126     4     48     48
127     4     50     46
128     4     52     44
129     4     54     42
130     4     56     40
131     4     58     38
132     4     60     36
133     4     62     34
134     4     64     32
135     4     66     30
136     4     68     28
137     4     70     26
138     4     72     24
139     4     74     22
140     4     76     20
141     4     78     18
142     4     80     16
143     4     82     14
144     4     84     12
145     4     86     10
146     4     88     8
147     4     90     6
148     4     92     4
149     4     94     2
150     4     96     0
151     6     0     94
152     6     2     92
153     6     4     90
154     6     6     88
155     6     8     86
156     6     10     84
157     6     12     82
158     6     14     80
159     6     16     78
160     6     18     76
161     6     20     74
162     6     22     72
163     6     24     70
164     6     26     68
165     6     28     66
166     6     30     64
167     6     32     62
168     6     34     60
169     6     36     58
170     6     38     56
171     6     40     54
172     6     42     52
173     6     44     50
174     6     46     48
175     6     48     46
176     6     50     44
177     6     52     42
178     6     54     40
179     6     56     38
180     6     58     36
181     6     60     34
182     6     62     32
183     6     64     30
184     6     66     28
185     6     68     26
186     6     70     24
187     6     72     22
188     6     74     20
189     6     76     18
190     6     78     16
191     6     80     14
192     6     82     12
193     6     84     10
194     6     86     8
195     6     88     6
196     6     90     4
197     6     92     2
198     6     94     0
199     8     0     92
200     8     2     90
201     8     4     88
202     8     6     86
203     8     8     84
204     8     10     82
205     8     12     80
206     8     14     78
207     8     16     76
208     8     18     74
209     8     20     72
210     8     22     70
211     8     24     68
212     8     26     66
213     8     28     64
214     8     30     62
215     8     32     60
216     8     34     58
217     8     36     56
218     8     38     54
219     8     40     52
220     8     42     50
221     8     44     48
222     8     46     46
223     8     48     44
224     8     50     42
225     8     52     40
226     8     54     38
227     8     56     36
228     8     58     34
229     8     60     32
230     8     62     30
231     8     64     28
232     8     66     26
233     8     68     24
234     8     70     22
235     8     72     20
236     8     74     18
237     8     76     16
238     8     78     14
239     8     80     12
240     8     82     10
241     8     84     8
242     8     86     6
243     8     88     4
244     8     90     2
245     8     92     0
246     10     0     90
247     10     2     88
248     10     4     86
249     10     6     84
250     10     8     82
251     10     10     80
252     10     12     78
253     10     14     76
254     10     16     74
255     10     18     72
256     10     20     70
257     10     22     68
258     10     24     66
259     10     26     64
260     10     28     62
261     10     30     60
262     10     32     58
263     10     34     56
264     10     36     54
265     10     38     52
266     10     40     50
267     10     42     48
268     10     44     46
269     10     46     44
270     10     48     42
271     10     50     40
272     10     52     38
273     10     54     36
274     10     56     34
275     10     58     32
276     10     60     30
277     10     62     28
278     10     64     26
279     10     66     24
280     10     68     22
281     10     70     20
282     10     72     18
283     10     74     16
284     10     76     14
285     10     78     12
286     10     80     10
287     10     82     8
288     10     84     6
289     10     86     4
290     10     88     2
291     10     90     0
292     12     0     88
293     12     2     86
294     12     4     84
295     12     6     82
296     12     8     80
297     12     10     78
298     12     12     76
299     12     14     74
300     12     16     72
301     12     18     70
302     12     20     68
303     12     22     66
304     12     24     64
305     12     26     62
306     12     28     60
307     12     30     58
308     12     32     56
309     12     34     54
310     12     36     52
311     12     38     50
312     12     40     48
313     12     42     46
314     12     44     44
315     12     46     42
316     12     48     40
317     12     50     38
318     12     52     36
319     12     54     34
320     12     56     32
321     12     58     30
322     12     60     28
323     12     62     26
324     12     64     24
325     12     66     22
326     12     68     20
327     12     70     18
328     12     72     16
329     12     74     14
330     12     76     12
331     12     78     10
332     12     80     8
333     12     82     6
334     12     84     4
335     12     86     2
336     12     88     0
337     14     0     86
338     14     2     84
339     14     4     82
340     14     6     80
341     14     8     78
342     14     10     76
343     14     12     74
344     14     14     72
345     14     16     70
346     14     18     68
347     14     20     66
348     14     22     64
349     14     24     62
350     14     26     60
351     14     28     58
352     14     30     56
353     14     32     54
354     14     34     52
355     14     36     50
356     14     38     48
357     14     40     46
358     14     42     44
359     14     44     42
360     14     46     40
361     14     48     38
362     14     50     36
363     14     52     34
364     14     54     32
365     14     56     30
366     14     58     28
367     14     60     26
368     14     62     24
369     14     64     22
370     14     66     20
371     14     68     18
372     14     70     16
373     14     72     14
374     14     74     12
375     14     76     10
376     14     78     8
377     14     80     6
378     14     82     4
379     14     84     2
380     14     86     0
381     16     0     84
382     16     2     82
383     16     4     80
384     16     6     78
385     16     8     76
386     16     10     74
387     16     12     72
388     16     14     70
389     16     16     68
390     16     18     66
391     16     20     64
392     16     22     62
393     16     24     60
394     16     26     58
395     16     28     56
396     16     30     54
397     16     32     52
398     16     34     50
399     16     36     48
400     16     38     46
401     16     40     44
402     16     42     42
403     16     44     40
404     16     46     38
405     16     48     36
406     16     50     34
407     16     52     32
408     16     54     30
409     16     56     28
410     16     58     26
411     16     60     24
412     16     62     22
413     16     64     20
414     16     66     18
415     16     68     16
416     16     70     14
417     16     72     12
418     16     74     10
419     16     76     8
420     16     78     6
421     16     80     4
422     16     82     2
423     16     84     0
424     18     0     82
425     18     2     80
426     18     4     78
427     18     6     76
428     18     8     74
429     18     10     72
430     18     12     70
431     18     14     68
432     18     16     66
433     18     18     64
434     18     20     62
435     18     22     60
436     18     24     58
437     18     26     56
438     18     28     54
439     18     30     52
440     18     32     50
441     18     34     48
442     18     36     46
443     18     38     44
444     18     40     42
445     18     42     40
446     18     44     38
447     18     46     36
448     18     48     34
449     18     50     32
450     18     52     30
451     18     54     28
452     18     56     26
453     18     58     24
454     18     60     22
455     18     62     20
456     18     64     18
457     18     66     16
458     18     68     14
459     18     70     12
460     18     72     10
461     18     74     8
462     18     76     6
463     18     78     4
464     18     80     2
465     18     82     0
466     20     0     80
467     20     2     78
468     20     4     76
469     20     6     74
470     20     8     72
471     20     10     70
472     20     12     68
473     20     14     66
474     20     16     64
475     20     18     62
476     20     20     60
477     20     22     58
478     20     24     56
479     20     26     54
480     20     28     52
481     20     30     50
482     20     32     48
483     20     34     46
484     20     36     44
485     20     38     42
486     20     40     40
487     20     42     38
488     20     44     36
489     20     46     34
490     20     48     32
491     20     50     30
492     20     52     28
493     20     54     26
494     20     56     24
495     20     58     22
496     20     60     20
497     20     62     18
498     20     64     16
499     20     66     14
500     20     68     12
501     20     70     10
502     20     72     8
503     20     74     6
504     20     76     4
505     20     78     2
506     20     80     0
507     22     0     78
508     22     2     76
509     22     4     74
510     22     6     72
511     22     8     70
512     22     10     68
513     22     12     66
514     22     14     64
515     22     16     62
516     22     18     60
517     22     20     58
518     22     22     56
519     22     24     54
520     22     26     52
521     22     28     50
522     22     30     48
523     22     32     46
524     22     34     44
525     22     36     42
526     22     38     40
527     22     40     38
528     22     42     36
529     22     44     34
530     22     46     32
531     22     48     30
532     22     50     28
533     22     52     26
534     22     54     24
535     22     56     22
536     22     58     20
537     22     60     18
538     22     62     16
539     22     64     14
540     22     66     12
541     22     68     10
542     22     70     8
543     22     72     6
544     22     74     4
545     22     76     2
546     22     78     0
547     24     0     76
548     24     2     74
549     24     4     72
550     24     6     70
551     24     8     68
552     24     10     66
553     24     12     64
554     24     14     62
555     24     16     60
556     24     18     58
557     24     20     56
558     24     22     54
559     24     24     52
560     24     26     50
561     24     28     48
562     24     30     46
563     24     32     44
564     24     34     42
565     24     36     40
566     24     38     38
567     24     40     36
568     24     42     34
569     24     44     32
570     24     46     30
571     24     48     28
572     24     50     26
573     24     52     24
574     24     54     22
575     24     56     20
576     24     58     18
577     24     60     16
578     24     62     14
579     24     64     12
580     24     66     10
581     24     68     8
582     24     70     6
583     24     72     4
584     24     74     2
585     24     76     0
586     26     0     74
587     26     2     72
588     26     4     70
589     26     6     68
590     26     8     66
591     26     10     64
592     26     12     62
593     26     14     60
594     26     16     58
595     26     18     56
596     26     20     54
597     26     22     52
598     26     24     50
599     26     26     48
600     26     28     46
601     26     30     44
602     26     32     42
603     26     34     40
604     26     36     38
605     26     38     36
606     26     40     34
607     26     42     32
608     26     44     30
609     26     46     28
610     26     48     26
611     26     50     24
612     26     52     22
613     26     54     20
614     26     56     18
615     26     58     16
616     26     60     14
617     26     62     12
618     26     64     10
619     26     66     8
620     26     68     6
621     26     70     4
622     26     72     2
623     26     74     0
624     28     0     72
625     28     2     70
626     28     4     68
627     28     6     66
628     28     8     64
629     28     10     62
630     28     12     60
631     28     14     58
632     28     16     56
633     28     18     54
634     28     20     52
635     28     22     50
636     28     24     48
637     28     26     46
638     28     28     44
639     28     30     42
640     28     32     40
641     28     34     38
642     28     36     36
643     28     38     34
644     28     40     32
645     28     42     30
646     28     44     28
647     28     46     26
648     28     48     24
649     28     50     22
650     28     52     20
651     28     54     18
652     28     56     16
653     28     58     14
654     28     60     12
655     28     62     10
656     28     64     8
657     28     66     6
658     28     68     4
659     28     70     2
660     28     72     0
661     30     0     70
662     30     2     68
663     30     4     66
664     30     6     64
665     30     8     62
666     30     10     60
667     30     12     58
668     30     14     56
669     30     16     54
670     30     18     52
671     30     20     50
672     30     22     48
673     30     24     46
674     30     26     44
675     30     28     42
676     30     30     40
677     30     32     38
678     30     34     36
679     30     36     34
680     30     38     32
681     30     40     30
682     30     42     28
683     30     44     26
684     30     46     24
685     30     48     22
686     30     50     20
687     30     52     18
688     30     54     16
689     30     56     14
690     30     58     12
691     30     60     10
692     30     62     8
693     30     64     6
694     30     66     4
695     30     68     2
696     30     70     0
697     32     0     68
698     32     2     66
699     32     4     64
700     32     6     62
701     32     8     60
702     32     10     58
703     32     12     56
704     32     14     54
705     32     16     52
706     32     18     50
707     32     20     48
708     32     22     46
709     32     24     44
710     32     26     42
711     32     28     40
712     32     30     38
713     32     32     36
714     32     34     34
715     32     36     32
716     32     38     30
717     32     40     28
718     32     42     26
719     32     44     24
720     32     46     22
721     32     48     20
722     32     50     18
723     32     52     16
724     32     54     14
725     32     56     12
726     32     58     10
727     32     60     8
728     32     62     6
729     32     64     4
730     32     66     2
731     32     68     0
732     34     0     66
733     34     2     64
734     34     4     62
735     34     6     60
736     34     8     58
737     34     10     56
738     34     12     54
739     34     14     52
740     34     16     50
741     34     18     48
742     34     20     46
743     34     22     44
744     34     24     42
745     34     26     40
746     34     28     38
747     34     30     36
748     34     32     34
749     34     34     32
750     34     36     30
751     34     38     28
752     34     40     26
753     34     42     24
754     34     44     22
755     34     46     20
756     34     48     18
757     34     50     16
758     34     52     14
759     34     54     12
760     34     56     10
761     34     58     8
762     34     60     6
763     34     62     4
764     34     64     2
765     34     66     0
766     36     0     64
767     36     2     62
768     36     4     60
769     36     6     58
770     36     8     56
771     36     10     54
772     36     12     52
773     36     14     50
774     36     16     48
775     36     18     46
776     36     20     44
777     36     22     42
778     36     24     40
779     36     26     38
780     36     28     36
781     36     30     34
782     36     32     32
783     36     34     30
784     36     36     28
785     36     38     26
786     36     40     24
787     36     42     22
788     36     44     20
789     36     46     18
790     36     48     16
791     36     50     14
792     36     52     12
793     36     54     10
794     36     56     8
795     36     58     6
796     36     60     4
797     36     62     2
798     36     64     0
799     38     0     62
800     38     2     60
801     38     4     58
802     38     6     56
803     38     8     54
804     38     10     52
805     38     12     50
806     38     14     48
807     38     16     46
808     38     18     44
809     38     20     42
810     38     22     40
811     38     24     38
812     38     26     36
813     38     28     34
814     38     30     32
815     38     32     30
816     38     34     28
817     38     36     26
818     38     38     24
819     38     40     22
820     38     42     20
821     38     44     18
822     38     46     16
823     38     48     14
824     38     50     12
825     38     52     10
826     38     54     8
827     38     56     6
828     38     58     4
829     38     60     2
830     38     62     0
831     40     0     60
832     40     2     58
833     40     4     56
834     40     6     54
835     40     8     52
836     40     10     50
837     40     12     48
838     40     14     46
839     40     16     44
840     40     18     42
841     40     20     40
842     40     22     38
843     40     24     36
844     40     26     34
845     40     28     32
846     40     30     30
847     40     32     28
848     40     34     26
849     40     36     24
850     40     38     22
851     40     40     20
852     40     42     18
853     40     44     16
854     40     46     14
855     40     48     12
856     40     50     10
857     40     52     8
858     40     54     6
859     40     56     4
860     40     58     2
861     40     60     0
862     42     0     58
863     42     2     56
864     42     4     54
865     42     6     52
866     42     8     50
867     42     10     48
868     42     12     46
869     42     14     44
870     42     16     42
871     42     18     40
872     42     20     38
873     42     22     36
874     42     24     34
875     42     26     32
876     42     28     30
877     42     30     28
878     42     32     26
879     42     34     24
880     42     36     22
881     42     38     20
882     42     40     18
883     42     42     16
884     42     44     14
885     42     46     12
886     42     48     10
887     42     50     8
888     42     52     6
889     42     54     4
890     42     56     2
891     42     58     0
892     44     0     56
893     44     2     54
894     44     4     52
895     44     6     50
896     44     8     48
897     44     10     46
898     44     12     44
899     44     14     42
900     44     16     40
901     44     18     38
902     44     20     36
903     44     22     34
904     44     24     32
905     44     26     30
906     44     28     28
907     44     30     26
908     44     32     24
909     44     34     22
910     44     36     20
911     44     38     18
912     44     40     16
913     44     42     14
914     44     44     12
915     44     46     10
916     44     48     8
917     44     50     6
918     44     52     4
919     44     54     2
920     44     56     0
921     46     0     54
922     46     2     52
923     46     4     50
924     46     6     48
925     46     8     46
926     46     10     44
927     46     12     42
928     46     14     40
929     46     16     38
930     46     18     36
931     46     20     34
932     46     22     32
933     46     24     30
934     46     26     28
935     46     28     26
936     46     30     24
937     46     32     22
938     46     34     20
939     46     36     18
940     46     38     16
941     46     40     14
942     46     42     12
943     46     44     10
944     46     46     8
945     46     48     6
946     46     50     4
947     46     52     2
948     46     54     0
949     48     0     52
950     48     2     50
951     48     4     48
952     48     6     46
953     48     8     44
954     48     10     42
955     48     12     40
956     48     14     38
957     48     16     36
958     48     18     34
959     48     20     32
960     48     22     30
961     48     24     28
962     48     26     26
963     48     28     24
964     48     30     22
965     48     32     20
966     48     34     18
967     48     36     16
968     48     38     14
969     48     40     12
970     48     42     10
971     48     44     8
972     48     46     6
973     48     48     4
974     48     50     2
975     48     52     0
976     50     0     50
977     50     2     48
978     50     4     46
979     50     6     44
980     50     8     42
981     50     10     40
982     50     12     38
983     50     14     36
984     50     16     34
985     50     18     32
986     50     20     30
987     50     22     28
988     50     24     26
989     50     26     24
990     50     28     22
991     50     30     20
992     50     32     18
993     50     34     16
994     50     36     14
995     50     38     12
996     50     40     10
997     50     42     8
998     50     44     6
999     50     46     4
1000     50     48     2
1001     50     50     0
1002     52     0     48
1003     52     2     46
1004     52     4     44
1005     52     6     42
1006     52     8     40
1007     52     10     38
1008     52     12     36
1009     52     14     34
1010     52     16     32
1011     52     18     30
1012     52     20     28
1013     52     22     26
1014     52     24     24
1015     52     26     22
1016     52     28     20
1017     52     30     18
1018     52     32     16
1019     52     34     14
1020     52     36     12
1021     52     38     10
1022     52     40     8
1023     52     42     6
1024     52     44     4
1025     52     46     2
1026     52     48     0
1027     54     0     46
1028     54     2     44
1029     54     4     42
1030     54     6     40
1031     54     8     38
1032     54     10     36
1033     54     12     34
1034     54     14     32
1035     54     16     30
1036     54     18     28
1037     54     20     26
1038     54     22     24
1039     54     24     22
1040     54     26     20
1041     54     28     18
1042     54     30     16
1043     54     32     14
1044     54     34     12
1045     54     36     10
1046     54     38     8
1047     54     40     6
1048     54     42     4
1049     54     44     2
1050     54     46     0
1051     56     0     44
1052     56     2     42
1053     56     4     40
1054     56     6     38
1055     56     8     36
1056     56     10     34
1057     56     12     32
1058     56     14     30
1059     56     16     28
1060     56     18     26
1061     56     20     24
1062     56     22     22
1063     56     24     20
1064     56     26     18
1065     56     28     16
1066     56     30     14
1067     56     32     12
1068     56     34     10
1069     56     36     8
1070     56     38     6
1071     56     40     4
1072     56     42     2
1073     56     44     0
1074     58     0     42
1075     58     2     40
1076     58     4     38
1077     58     6     36
1078     58     8     34
1079     58     10     32
1080     58     12     30
1081     58     14     28
1082     58     16     26
1083     58     18     24
1084     58     20     22
1085     58     22     20
1086     58     24     18
1087     58     26     16
1088     58     28     14
1089     58     30     12
1090     58     32     10
1091     58     34     8
1092     58     36     6
1093     58     38     4
1094     58     40     2
1095     58     42     0
1096     60     0     40
1097     60     2     38
1098     60     4     36
1099     60     6     34
1100     60     8     32
1101     60     10     30
1102     60     12     28
1103     60     14     26
1104     60     16     24
1105     60     18     22
1106     60     20     20
1107     60     22     18
1108     60     24     16
1109     60     26     14
1110     60     28     12
1111     60     30     10
1112     60     32     8
1113     60     34     6
1114     60     36     4
1115     60     38     2
1116     60     40     0
1117     62     0     38
1118     62     2     36
1119     62     4     34
1120     62     6     32
1121     62     8     30
1122     62     10     28
1123     62     12     26
1124     62     14     24
1125     62     16     22
1126     62     18     20
1127     62     20     18
1128     62     22     16
1129     62     24     14
1130     62     26     12
1131     62     28     10
1132     62     30     8
1133     62     32     6
1134     62     34     4
1135     62     36     2
1136     62     38     0
1137     64     0     36
1138     64     2     34
1139     64     4     32
1140     64     6     30
1141     64     8     28
1142     64     10     26
1143     64     12     24
1144     64     14     22
1145     64     16     20
1146     64     18     18
1147     64     20     16
1148     64     22     14
1149     64     24     12
1150     64     26     10
1151     64     28     8
1152     64     30     6
1153     64     32     4
1154     64     34     2
1155     64     36     0
1156     66     0     34
1157     66     2     32
1158     66     4     30
1159     66     6     28
1160     66     8     26
1161     66     10     24
1162     66     12     22
1163     66     14     20
1164     66     16     18
1165     66     18     16
1166     66     20     14
1167     66     22     12
1168     66     24     10
1169     66     26     8
1170     66     28     6
1171     66     30     4
1172     66     32     2
1173     66     34     0
1174     68     0     32
1175     68     2     30
1176     68     4     28
1177     68     6     26
1178     68     8     24
1179     68     10     22
1180     68     12     20
1181     68     14     18
1182     68     16     16
1183     68     18     14
1184     68     20     12
1185     68     22     10
1186     68     24     8
1187     68     26     6
1188     68     28     4
1189     68     30     2
1190     68     32     0
1191     70     0     30
1192     70     2     28
1193     70     4     26
1194     70     6     24
1195     70     8     22
1196     70     10     20
1197     70     12     18
1198     70     14     16
1199     70     16     14
1200     70     18     12
1201     70     20     10
1202     70     22     8
1203     70     24     6
1204     70     26     4
1205     70     28     2
1206     70     30     0
1207     72     0     28
1208     72     2     26
1209     72     4     24
1210     72     6     22
1211     72     8     20
1212     72     10     18
1213     72     12     16
1214     72     14     14
1215     72     16     12
1216     72     18     10
1217     72     20     8
1218     72     22     6
1219     72     24     4
1220     72     26     2
1221     72     28     0
1222     74     0     26
1223     74     2     24
1224     74     4     22
1225     74     6     20
1226     74     8     18
1227     74     10     16
1228     74     12     14
1229     74     14     12
1230     74     16     10
1231     74     18     8
1232     74     20     6
1233     74     22     4
1234     74     24     2
1235     74     26     0
1236     76     0     24
1237     76     2     22
1238     76     4     20
1239     76     6     18
1240     76     8     16
1241     76     10     14
1242     76     12     12
1243     76     14     10
1244     76     16     8
1245     76     18     6
1246     76     20     4
1247     76     22     2
1248     76     24     0
1249     78     0     22
1250     78     2     20
1251     78     4     18
1252     78     6     16
1253     78     8     14
1254     78     10     12
1255     78     12     10
1256     78     14     8
1257     78     16     6
1258     78     18     4
1259     78     20     2
1260     78     22     0
1261     80     0     20
1262     80     2     18
1263     80     4     16
1264     80     6     14
1265     80     8     12
1266     80     10     10
1267     80     12     8
1268     80     14     6
1269     80     16     4
1270     80     18     2
1271     80     20     0
1272     82     0     18
1273     82     2     16
1274     82     4     14
1275     82     6     12
1276     82     8     10
1277     82     10     8
1278     82     12     6
1279     82     14     4
1280     82     16     2
1281     82     18     0
1282     84     0     16
1283     84     2     14
1284     84     4     12
1285     84     6     10
1286     84     8     8
1287     84     10     6
1288     84     12     4
1289     84     14     2
1290     84     16     0
1291     86     0     14
1292     86     2     12
1293     86     4     10
1294     86     6     8
1295     86     8     6
1296     86     10     4
1297     86     12     2
1298     86     14     0
1299     88     0     12
1300     88     2     10
1301     88     4     8
1302     88     6     6
1303     88     8     4
1304     88     10     2
1305     88     12     0
1306     90     0     10
1307     90     2     8
1308     90     4     6
1309     90     6     4
1310     90     8     2
1311     90     10     0
1312     92     0     8
1313     92     2     6
1314     92     4     4
1315     92     6     2
1316     92     8     0
1317     94     0     6
1318     94     2     4
1319     94     4     2
1320     94     6     0
1321     96     0     4
1322     96     2     2
1323     96     4     0
1324     98     0     2
1325     98     2     0
1326     100     0     0
